0,0
1.5,0
1.5,0
1.50173255253658,0.183166145421256
1.50346510507317,0.354744322821074
1.50519765760975,0.515463971304962
1.50693021014634,0.666012087596422
1.50866276268292,0.807032346777928
1.51039531521951,0.939122746176651
1.51212786775609,1.06284540398005
1.51386042029268,1.1787297315535
1.51576346439061,1.29757415921769
1.51766650848855,1.40816837711242
1.51956955258649,1.51108074338847
1.52147259668442,1.6068438315563
1.52360138602026,1.70610496118663
1.5257301753561,1.79767635022018
1.52785896469194,1.8821476541187
1.52998775402778,1.9600678698384
1.53214262381307,2.03278892486877
1.53429749359836,2.09979485630033
1.53645236338365,2.16152901848454
1.53860723316894,2.21840389964565
1.54076145470038,2.27078478706536
1.54291567623181,2.31903496325179
1.54506989776325,2.3634747826951
1.54722411929468,2.40440230223787
1.54937835693219,2.44209267867529
1.5515325945697,2.47679546050156
1.5536868322072,2.50874235390752
1.55584106984471,2.53814893753206
1.55799530708205,2.56521402638111
1.56014954431939,2.59011834585028
1.56230378155673,2.61302948043702
1.56445801879407,2.63410335017927
1.56661225604136,2.65348375417519
1.56876649328864,2.67130140026217
1.57092073053592,2.68767749616447
1.57307496778321,2.7027248131295
1.57522920503024,2.71654735570886
1.57738344227728,2.72923966016139
1.57953767952432,2.74088939158672
1.58169191677136,2.75157811328953
1.5838461540184,2.76138104794531
1.58600039126545,2.77036657015757
1.58815462851249,2.77859808487309
1.59030886575953,2.78613458383367
1.59246310300658,2.79303047283607
1.59461734025362,2.79933520471721
1.59677157750066,2.80509463794318
1.59892581474771,2.81035143907041
1.60108005199475,2.81514495780908
1.60323428924179,2.81951096157483
1.60538852648884,2.82348261810636
1.60754276373588,2.82709078655099
1.60969700098292,2.83036392710249
1.61185123822997,2.83332790901211
1.61400547547701,2.83600672127991
1.61615971272405,2.83842268318627
1.61831394997109,2.84059637893632
1.62046818721814,2.8425465188012
1.62262242446518,2.84429045313526
1.62477666171222,2.84584432464565
1.62693089895927,2.84722302112313
1.62908513620631,2.84844007501058
1.63123937345335,2.84950803517282
1.63339361070039,2.85043857702768
1.6356853412473,2.8512897194784
1.6379770717942,2.85200927466538
1.6402688023411,2.85260808087753
1.642560532888,2.85309618491978
1.6450018073767,2.85350471920787
1.6474430818654,2.85380811028405
1.6498843563541,2.85401555733322
1.65232563084281,2.85413555517647
1.65493663651783,2.85417588535126
1.65754764219285,2.85413349761625
1.66015864786787,2.85401610857063
1.66276965354289,2.85383081481464
1.66557414940071,2.85356348868373
1.66837864525853,2.8532322718386
1.67118314111635,2.8528435456394
1.67398763697417,2.85240315336151
1.67701458339521,2.85187590706988
1.68004152981625,2.85130035605639
1.68306847623729,2.85068169114321
1.68609542265833,2.85002464415386
1.68938048683277,2.849273049518
1.69266555100721,2.84848584975072
1.69595061518165,2.84766718618118
1.69923567935609,2.84682081701431
1.70282340899355,2.84586872687572
1.706411138631,2.84489119226079
1.70999886826845,2.84389144186298
1.71358659790591,2.84287239345903
1.71753351394604,2.84173207401367
1.72148042998617,2.84057427163068
1.72542734602631,2.83940143433889
1.72937426206644,2.83821576725606
1.73375337980479,2.83688755888166
1.73813249754314,2.8355479616645
1.7425116152815,2.83419876921037
1.74689073301985,2.83284159538999
1.75179835660626,2.83131283814937
1.75670598019267,2.82977724230966
1.76161360377909,2.8282360665409
1.7665212273655,2.82669044739136
1.77208749301537,2.82493321528964
1.77765375866524,2.82317246787652
1.78322002431511,2.8214090403776
1.78878628996497,2.81964369710053
1.79519214285354,2.8176105186619
1.8015979957421,2.8155762359469
1.80800384863066,2.81354136273877
1.81440970151922,2.81150638573976
1.82191543021862,2.809122394659
1.82942115891802,2.80673912255957
1.83692688761742,2.804356852525
1.84443261631682,2.80197587599136
1.85342822450739,2.79912429700922
1.86242383269797,2.79627503718903
1.87141944088855,2.79342822633978
1.88041504907913,2.79058402864072
1.89151392529769,2.78707860760122
1.90261280151625,2.78357736664407
1.91371167773482,2.78008034401057
1.92481055395338,2.77658762826905
1.93731055395338,2.77265922117976
1.94981055395338,2.76873631586581
1.96231055395338,2.76481891211676
1.97481055395338,2.76090703344614
1.98110791546504,2.75893837155481
1.98740527697669,2.75697111053259
1.99370263848835,2.75500524994965
2,2.75304078934368
2,2.75304078934368
2.0025,3.01282303373387
2.005,3.24915139688386
2.0075,3.46412006915688
2.01,3.65966009428096
2.01214569623167,3.81333298195574
2.01429139246335,3.95498758043476
2.01643708869502,4.08555243548356
2.01858278492669,4.20589166505956
2.02073723441059,4.31723666195949
2.02289168389448,4.41980986613371
2.02504613337838,4.51429163417257
2.02720058286227,4.60131496382934
2.02935481483619,4.68145587616992
2.03150904681011,4.75525399721424
2.03366327878402,4.82320124558041
2.03581751075794,4.88575530072145
2.037971748136,4.94333840131604
2.04012598551405,4.99633406007822
2.04228022289211,5.04509806656536
2.04443446027017,5.08996144615273
2.04658869751396,5.13122948825655
2.04874293475774,5.16917969466897
2.05089717200153,5.2040693948826
2.05305140924532,5.23613800736786
2.05520564649245,5.26560633854994
2.05735988373957,5.29267509313862
2.05951412098669,5.31753038811701
2.06166835823382,5.34034538608124
2.06382259548086,5.36127978818386
2.0659768327279,5.38047875681218
2.06813106997494,5.39807690354636
2.07028530722198,5.41419947053254
2.07243954446903,5.42896196374794
2.07459378171607,5.44246937381171
2.07674801896311,5.454819060331
2.07890225621016,5.46610160634423
2.0810564934572,5.47640055307509
2.08321073070424,5.4857918363737
2.08536496795128,5.4943458728584
2.08751920519832,5.5021281779034
2.08967344244537,5.50919917379602
2.09182767969241,5.51561378213519
2.09398191693945,5.52142293266149
2.0961361541865,5.52667401022499
2.09829039143354,5.53141071603241
2.10044462868058,5.53567277284388
2.10259886592762,5.53949701625445
2.10475310317467,5.54291771796962
2.10690734042171,5.54596648545047
2.10906157766875,5.54867204869323
2.11121581491579,5.55106104951333
2.11337005216284,5.5531582753587
2.11552428940988,5.55498658672679
2.11767852665692,5.55656676295004
2.11983276390397,5.55791807305614
2.12198700115101,5.55905844487663
2.12414123839805,5.5600044125503
2.12629547564509,5.56077100498544
2.12844971289214,5.56137215874222
2.13060395013918,5.56182084034269
2.1328481064635,5.56213898712731
2.13509226278781,5.56231690809783
2.13733641911213,5.56236593797379
2.13958057543644,5.56229659695913
2.14197248007579,5.56210324478146
2.14436438471513,5.56179696081487
2.14675628935448,5.56138745182161
2.14914819399382,5.56088369247195
2.15170278733766,5.56025084309592
2.15425738068149,5.55952877456232
2.15681197402533,5.55872565890749
2.15936656736917,5.5578490215929
2.16210661367875,5.55683480028688
2.16484665998833,5.55575132499962
2.1675867062979,5.55460538614569
2.17032675260748,5.55340321027174
2.17327938573682,5.55205125891642
2.17623201886616,5.55064667409838
2.1791846519955,5.54919500996965
2.18213728512484,5.54770133684149
2.18533583943089,5.54604111429178
2.18853439373693,5.54434189038956
2.19173294804298,5.54260812530233
2.19493150234902,5.54084387229924
2.19841741510956,5.53889061321842
2.2019033278701,5.53690935009075
2.20538924063064,5.53490358734652
2.20887515339118,5.53287649594625
2.21270072534383,5.53063064743226
2.21652629729647,5.52836550490836
2.22035186924912,5.52608375066241
2.22417744120176,5.52378780291891
2.22840983125701,5.52123369021936
2.23264222131226,5.51866704841981
2.23687461136751,5.51608986580866
2.24110700142276,5.51350393139846
2.2458341756088,5.51060722088062
2.25056134979483,5.50770313929581
2.25528852398087,5.50479310265514
2.26001569816691,5.50187838716402
2.26535556253855,5.49858161138677
2.27069542691018,5.49528135395702
2.27603529128182,5.49197857272951
2.28137515565346,5.48867413909606
2.28749008142568,5.48488897258521
2.29360500719791,5.4811032925391
2.29971993297014,5.47731770374267
2.30583485874237,5.47353277080966
2.31295574846639,5.46912660878373
2.32007663819041,5.46472235709045
2.32719752791442,5.46032036176626
2.33431841763844,5.45592096689944
2.34278650535426,5.4506930074792
2.35125459307009,5.4454692929618
2.35972268078591,5.44024999210682
2.36819076850173,5.43503530084076
2.3785340942698,5.42867229455461
2.38887742003787,5.42231642906306
2.39922074580594,5.4159677618884
2.40956407157401,5.40962639689545
2.42206407157401,5.40197264682967
2.43456407157401,5.3943296289025
2.44706407157401,5.38669734094448
2.45956407157401,5.3790758215566
2.47206407157401,5.37146509114304
2.48456407157401,5.36386511175327
2.49706407157401,5.35627587049435
2.50956407157401,5.3486973617538
2.52206407157401,5.34112957669522
2.53456407157401,5.33357249610475
2.54706407157401,5.3260261052498
2.55956407157401,5.31849039071231
2.57206407157401,5.31096533851749
2.58456407157401,5.30345093285948
2.59706407157401,5.29594715874824
2.60956407157401,5.28845400144536
2.62206407157401,5.28097144613074
2.63456407157401,5.27349947767555
2.64706407157401,5.26603808111374
2.65956407157401,5.25858724154141
2.67206407157401,5.25114694405752
2.68456407157401,5.2437171737234
2.69706407157401,5.23629791564669
2.70956407157401,5.22888915496337
2.72206407157401,5.22149087682723
2.73456407157401,5.21410306640261
2.74706407157401,5.20672570887932
2.75956407157401,5.19935878946941
2.77206407157401,5.19200229340528
2.78456407157401,5.18465620593838
2.79706407157401,5.17732051234183
2.80956407157401,5.16999519790977
2.82206407157401,5.16268024795708
2.83456407157401,5.15537564781909
2.84706407157401,5.14808138285204
2.85956407157401,5.14079743843286
2.87206407157401,5.13352379995921
2.88456407157401,5.12626045284934
2.89706407157401,5.11900738254216
2.90956407157401,5.11176457449718
2.92206407157401,5.10453201419446
2.93456407157401,5.09730968713464
2.94706407157401,5.09009757883887
2.95956407157401,5.08289567484875
2.97206407157401,5.07570396072635
2.98456407157401,5.06852242205419
2.99706407157401,5.0613510444352
3.00956407157401,5.05418981349262
3.02206407157401,5.04703871487006
3.03456407157401,5.03989773423148
3.04706407157401,5.0327668572611
3.05956407157401,5.02564606966337
3.07206407157401,5.01853535716296
3.08456407157401,5.0114347055048
3.09706407157401,5.00434410045396
3.10956407157401,4.99726352779562
3.12206407157401,4.99019297333509
3.13456407157401,4.98313242289779
3.14706407157401,4.97608186232917
3.15956407157401,4.96904127749472
3.17206407157401,4.96201065427988
3.18456407157401,4.95498997859015
3.19706407157401,4.94797923635091
3.20956407157401,4.94097841350746
3.22206407157401,4.93398749602498
3.23456407157401,4.92700646988855
3.24706407157401,4.92003532110304
3.25956407157401,4.91307403569313
3.27206407157401,4.90612259970326
3.28456407157401,4.89918099919765
3.29706407157401,4.89224922026022
3.30956407157401,4.88532724899458
3.32206407157401,4.87841507152397
3.33456407157401,4.87151267399132
3.34706407157401,4.86462004255914
3.35956407157401,4.85773716340952
3.37206407157401,4.85086402274408
3.38456407157401,4.84400060678399
3.39706407157401,4.83714690176993
3.40956407157401,4.83030289396201
3.42206407157401,4.82346856963978
3.43456407157401,4.81664391510223
3.44706407157401,4.80982891666775
3.45956407157401,4.80302356067404
3.47206407157401,4.79622783347813
3.48456407157401,4.7894417214564
3.49706407157401,4.7826652110045
3.50956407157401,4.77589828853729
3.52206407157401,4.76914094048885
3.53456407157401,4.76239315331252
3.54706407157401,4.75565491348074
3.55956407157401,4.74892620748512
3.57206407157401,4.74220702183635
3.58456407157401,4.73549734306426
3.59706407157401,4.72879715771772
3.60956407157401,4.7221064523646
3.62206407157401,4.71542521359179
3.63456407157401,4.70875342800518
3.64706407157401,4.7020910822296
3.65956407157401,4.6954381629088
3.67206407157401,4.68879465670541
3.68456407157401,4.68216055030096
3.69706407157401,4.67553583039583
3.70956407157401,4.66892048370918
3.72206407157401,4.66231449697898
3.73456407157401,4.65571785696197
3.74706407157401,4.64913055043364
3.75956407157401,4.64255256418816
3.77206407157401,4.63598388503838
3.78456407157401,4.62942449981585
3.79706407157401,4.62287439537075
3.80956407157401,4.61633355857181
3.82206407157401,4.60980197630638
3.83456407157401,4.60327963548036
3.84706407157401,4.59676652301819
3.85956407157401,4.59026262586278
3.87206407157401,4.58376793097551
3.88456407157401,4.57728242533625
3.89706407157401,4.57080609594328
3.90956407157401,4.56433892981324
3.92206407157401,4.55788091398116
3.93456407157401,4.55143203550044
3.94706407157401,4.54499228144278
3.95956407157401,4.53856163889815
3.97206407157401,4.5321400949748
3.98456407157401,4.52572763679924
3.99706407157401,4.51932425151618
4.00956407157401,4.51292992628852
4.02206407157401,4.50654464829729
4.03456407157401,4.50016840474172
4.04706407157401,4.49380118283913
4.05956407157401,4.4874429698249
4.07206407157401,4.48109375295246
4.08456407157401,4.47475351949334
4.09706407157401,4.46842225673704
4.10956407157401,4.46209995199103
4.12206407157401,4.45578659258075
4.13456407157401,4.44948216584958
4.14706407157401,4.44318665915882
4.15956407157401,4.43690005988762
4.17206407157401,4.430622355433
4.18456407157401,4.42435353320982
4.19706407157401,4.41809358065076
4.20956407157401,4.41184248520625
4.22206407157401,4.40560023434447
4.23456407157401,4.39936681555136
4.24706407157401,4.39314221633059
4.25956407157401,4.38692642420344
4.27206407157401,4.38071942670888
4.28456407157401,4.37452121140354
4.29706407157401,4.36833176586162
4.30956407157401,4.36215107767491
4.32206407157401,4.35597913445274
4.33456407157401,4.34981592382201
4.34706407157401,4.34366143342711
4.35956407157401,4.3375156509299
4.37206407157401,4.33137856400969
4.38456407157401,4.32525016036324
4.39706407157401,4.31913042770474
4.40956407157401,4.31301935376571
4.42206407157401,4.30691692629506
4.43456407157401,4.30082313305903
4.44706407157401,4.29473796184118
4.45956407157401,4.28866140044234
4.47206407157401,4.28259343668059
4.48456407157401,4.27653405839127
4.49706407157401,4.27048325342693
4.50956407157401,4.26444100965729
4.52206407157401,4.25840731496923
4.53456407157401,4.25238215726679
4.54706407157401,4.24636552447114
4.55956407157401,4.24035740452048
4.57206407157401,4.23435778537012
4.58456407157401,4.2283666549924
4.59706407157401,4.22238400137671
4.60956407157401,4.21640981252938
4.62206407157401,4.21044407647372
4.63456407157401,4.20448678125002
4.64706407157401,4.19853791491547
4.65956407157401,4.19259746554417
4.67206407157401,4.18666542122705
4.68456407157401,4.18074177007194
4.69706407157401,4.1748265002035
4.70956407157401,4.16891959976315
4.72206407157401,4.16302105690909
4.73456407157401,4.15713085981633
4.74706407157401,4.15124899667657
4.75956407157401,4.14537545569821
4.77206407157401,4.13951022510634
4.78456407157401,4.13365329314273
4.79706407157401,4.12780464806579
4.80956407157401,4.1219642781505
4.82206407157401,4.11613217168845
4.83456407157401,4.11030831698781
4.84706407157401,4.10449270237331
4.85956407157401,4.09868531618615
4.87206407157401,4.09288614678404
4.88456407157401,4.08709518254119
4.89706407157401,4.08131241184825
4.909564071574,4.07553782311226
4.92206407157401,4.0697714047567
4.93456407157401,4.06401314522142
4.94706407157401,4.05826303296264
4.95956407157401,4.05252105645289
4.972064071574,4.04678720418099
4.98456407157401,4.04106146465212
4.99706407157401,4.03534382638766
5.009564071574,4.02963427792525
5.022064071574,4.02393280781873
5.034564071574,4.01823940463819
5.04706407157401,4.01255405696984
5.05956407157401,4.00687675341605
5.072064071574,4.00120748259532
5.084564071574,3.99554623314225
5.097064071574,3.98989299370755
5.109564071574,3.98424775295794
5.122064071574,3.9786104995762
5.134564071574,3.97298122226112
5.147064071574,3.9673599097275
5.159564071574,3.96174655070608
5.172064071574,3.95614113394352
5.184564071574,3.95054364820248
5.197064071574,3.94495408226146
5.209564071574,3.93937242491486
5.222064071574,3.93379866497289
5.234564071574,3.92823279126166
5.247064071574,3.92267479262307
5.259564071574,3.91712465791477
5.272064071574,3.9115823760102
5.284564071574,3.90604793579855
5.297064071574,3.90052132618475
5.309564071574,3.89500253608937
5.322064071574,3.88949155444869
5.334564071574,3.88398837021465
5.347064071574,3.87849297235483
5.359564071574,3.87300534985239
5.372064071574,3.86752549170608
5.384564071574,3.86205338693024
5.397064071574,3.85658902455475
5.409564071574,3.85113239362499
5.422064071574,3.84568348320183
5.434564071574,3.84024228236168
5.447064071574,3.83480878019635
5.459564071574,3.82938296581309
5.472064071574,3.82396482833457
5.484564071574,3.81855435689885
5.497064071574,3.81315154065938
5.509564071574,3.80775636878492
5.522064071574,3.80236883045956
5.534564071574,3.79698891488272
5.547064071574,3.79161661126909
5.559564071574,3.7862519088486
5.572064071574,3.78089479686643
5.584564071574,3.775545264583
5.597064071574,3.7702033012739
5.609564071574,3.7648688962299
5.622064071574,3.75954203875691
5.634564071574,3.75422271817599
5.647064071574,3.74891092382332
5.659564071574,3.74360664505013
5.672064071574,3.73830987122274
5.684564071574,3.73302059172251
5.697064071574,3.72773879594584
5.709564071574,3.72246447330412
5.722064071574,3.7171976132237
5.734564071574,3.71193820514593
5.747064071574,3.70668623852709
5.759564071574,3.70144170283835
5.772064071574,3.69620458756579
5.784564071574,3.6909748822104
5.797064071574,3.68575257628799
5.809564071574,3.6805376593292
5.822064071574,3.67533012087949
5.834564071574,3.67012995049913
5.847064071574,3.66493713776316
5.859564071574,3.65975167226133
5.872064071574,3.65457354359815
5.884564071574,3.64940274139285
5.897064071574,3.64423925527933
5.909564071574,3.63908307490616
5.922064071574,3.63393418993653
5.934564071574,3.62879259004831
5.947064071574,3.62365826493395
5.959564071574,3.61853120430047
5.972064071574,3.61341139786944
5.984564071574,3.60829883537702
5.997064071574,3.60319350657388
6.009564071574,3.59809540122517
6.022064071574,3.5930045091105
6.034564071574,3.58792082002401
6.047064071574,3.58284432377424
6.059564071574,3.57777501018413
6.072064071574,3.57271286909104
6.084564071574,3.56765789034673
6.097064071574,3.5626100638173
6.109564071574,3.55756937938317
6.122064071574,3.55253582693909
6.134564071574,3.54750939639413
6.147064071574,3.54249007767162
6.159564071574,3.53747786070913
6.172064071574,3.53247273545849
6.184564071574,3.52747469188575
6.197064071574,3.52248371997116
6.209564071574,3.51749980970911
6.222064071574,3.51252295110817
6.234564071574,3.50755313419107
6.247064071574,3.50259034899463
6.259564071574,3.49763458556977
6.272064071574,3.49268583398148
6.284564071574,3.48774408430882
6.297064071574,3.4828093266449
6.309564071574,3.47788155109681
6.322064071574,3.47296074778565
6.334564071574,3.46804690684652
6.347064071574,3.46314001842847
6.359564071574,3.45824007269447
6.372064071574,3.45334705982141
6.384564071574,3.4484609700001
6.397064071574,3.44358179343523
6.409564071574,3.4387095203453
6.422064071574,3.43384414096271
6.434564071574,3.42898564553364
6.447064071574,3.42413402431811
6.459564071574,3.41928926758987
6.472064071574,3.41445136563647
6.484564071574,3.40962030875918
6.497064071574,3.40479608727303
6.509564071574,3.39997869150671
6.522064071574,3.39516811180259
6.534564071574,3.39036433851675
6.547064071574,3.38556736201888
6.559564071574,3.38077717269231
6.572064071574,3.37599376093396
6.584564071574,3.37121711715436
6.597064071574,3.3664472317776
6.609564071574,3.3616840952413
6.622064071574,3.35692769799663
6.634564071574,3.35217803050827
6.647064071574,3.3474350832544
6.659564071574,3.34269884672664
6.672064071574,3.33796931143007
6.684564071574,3.33324646788325
6.697064071574,3.32853030661811
6.709564071574,3.32382081817999
6.722064071574,3.31911799312758
6.734564071574,3.31442182203298
6.747064071574,3.30973229548161
6.759564071574,3.30504940407219
6.772064071574,3.30037313841674
6.784564071574,3.29570348914061
6.797064071574,3.29104044688237
6.809564071574,3.28638400229384
6.822064071574,3.28173414604008
6.834564071574,3.27709086879935
6.847064071574,3.27245416126311
6.859564071574,3.26782401413598
6.872064071574,3.26320041813571
6.884564071574,3.25858336399324
6.897064071574,3.25397284245258
6.909564071574,3.24936884427085
6.922064071574,3.24477136021823
6.934564071574,3.240180381078
6.947064071574,3.23559589764644
6.959564071574,3.23101790073287
6.972064071574,3.22644638115961
6.984564071574,3.22188132976196
6.997064071574,3.21732273738822
7.009564071574,3.21277059489959
7.022064071574,3.20822489317022
7.034564071574,3.20368562308718
7.047064071574,3.19915277555044
7.059564071574,3.19462634147283
7.072064071574,3.19010631178002
7.084564071574,3.18559267741056
7.097064071574,3.1810854293158
7.109564071574,3.1765845584599
7.122064071574,3.17209005581977
7.134564071574,3.16760191238515
7.147064071574,3.16312011915848
7.159564071574,3.15864466715495
7.172064071574,3.15417554740243
7.184564071574,3.14971275094155
7.197064071574,3.14525626882556
7.209564071574,3.14080609212039
7.222064071574,3.13636221190459
7.234564071574,3.13192461926936
7.247064071574,3.12749330531852
7.259564071574,3.12306826116843
7.272064071574,3.11864947794802
7.284564071574,3.11423694679883
7.297064071574,3.10983065887489
7.309564071574,3.10543060534274
7.322064071574,3.10103677738143
7.334564071574,3.0966491661825
7.347064071574,3.09226776294994
7.359564071574,3.0878925589002
7.372064071574,3.08352354526213
7.384564071574,3.07916071327702
7.397064071574,3.07480405419855
7.409564071574,3.07045355929275
7.422064071574,3.06610921983801
7.434564071574,3.0617710271251
7.447064071574,3.05743897245708
7.459564071574,3.05311304714931
7.472064071574,3.04879324252945
7.484564071574,3.04447954993744
7.497064071574,3.04017196072546
7.509564071574,3.03587046625792
7.522064071574,3.03157505791146
7.534564071574,3.02728572707491
7.547064071574,3.0230024651493
7.559564071574,3.01872526354782
7.572064071574,3.01445411369579
7.584564071574,3.0101890070307
7.597064071574,3.00592993500212
7.609564071574,3.00167688907174
7.622064071574,2.99742986071331
7.634564071574,2.99318884141267
7.647064071574,2.98895382266769
7.659564071574,2.98472479598827
7.672064071574,2.98050175289632
7.684564071574,2.97628468492575
7.697064071574,2.97207358362247
7.709564071574,2.9678684405443
7.722064071574,2.96366924726105
7.734564071574,2.95947599535444
7.747064071574,2.95528867641812
7.759564071574,2.9511072820576
7.772064071574,2.94693180389028
7.784564071574,2.94276223354544
7.797064071574,2.93859856266418
7.809564071574,2.93444078289945
7.822064071574,2.93028888591597
7.834564071574,2.92614286339031
7.847064071574,2.92200270701077
7.859564071574,2.91786840847742
7.872064071574,2.91373995950209
7.884564071574,2.90961735180832
7.897064071574,2.90550057713138
7.909564071574,2.90138962721822
7.922064071574,2.89728449382744
7.93456407157399,2.89318516872935
7.94706407157399,2.88909164370589
7.959564071574,2.88500391055061
7.972064071574,2.88092196106868
7.984564071574,2.87684578707686
7.99706407157399,2.87277538040351
8.00956407157399,2.86871073288852
8.022064071574,2.86465183638335
8.03456407157399,2.86059868275098
8.047064071574,2.85655126386591
8.05956407157399,2.85250957161413
8.07206407157399,2.84847359789309
8.084564071574,2.84444333461175
8.09706407157399,2.84041877369048
8.109564071574,2.83639990706111
8.12206407157399,2.83238672666684
8.13456407157399,2.82837922446233
8.14706407157399,2.82437739241359
8.15956407157399,2.82038122249799
8.172064071574,2.81639070670425
8.18456407157399,2.81240583703246
8.19706407157399,2.808426605494
8.20956407157399,2.80445300411155
8.22206407157399,2.80048502491908
8.23456407157399,2.79652265996185
8.24706407157399,2.79256590129637
8.25956407157399,2.78861474099036
8.27206407157399,2.78466917112278
8.28456407157399,2.78072918378382
8.29706407157399,2.77679477107484
8.30956407157399,2.77286592510837
8.32206407157399,2.7689426380081
8.33456407157399,2.7650249019089
8.34706407157399,2.76111270895672
8.35956407157399,2.75720605130864
8.37206407157399,2.75330492113285
8.38456407157399,2.7494093106086
8.39706407157399,2.74551921192624
8.40956407157399,2.74163461728713
8.42206407157399,2.73775551890366
8.43456407157399,2.73388190899929
8.44706407157399,2.73001377980845
8.45956407157399,2.72615112357655
8.47206407157399,2.72229393255997
8.48456407157399,2.71844219902608
8.49706407157399,2.71459591525316
8.50956407157399,2.71075507353042
8.52206407157399,2.70691966615797
8.53456407157399,2.70308968544685
8.54706407157399,2.69926512371896
8.55956407157399,2.69544597330704
8.57206407157399,2.69163222655471
8.58456407157399,2.68782387581641
8.59706407157399,2.68402091345741
8.60956407157399,2.68022333185375
8.62206407157399,2.67643112339229
8.63456407157399,2.67264428047065
8.64706407157399,2.66886279549722
8.65956407157399,2.6650866608911
8.67206407157399,2.66131586908213
8.68456407157399,2.65755041251088
8.69706407157399,2.6537902836286
8.70956407157399,2.65003547489722
8.72206407157399,2.64628597878933
8.73456407157399,2.64254178778817
8.74706407157399,2.63880289438765
8.75956407157399,2.63506929109226
8.77206407157399,2.63134097041709
8.78456407157399,2.62761792488786
8.79706407157399,2.62390014704084
8.80956407157399,2.62018762942287
8.82206407157399,2.61648036459131
8.83456407157399,2.61277834511408
8.84706407157399,2.60908156356961
8.85956407157399,2.60539001254683
8.87206407157399,2.60170368464514
8.88456407157399,2.59802257247442
8.89706407157399,2.59434666865503
8.90956407157399,2.59067596581774
8.92206407157399,2.58701045660374
8.93456407157399,2.58335013366467
8.94706407157399,2.57969498966255
8.95956407157399,2.57604501726976
8.97206407157399,2.57240020916908
8.98456407157399,2.56876055805361
8.99706407157399,2.56512605662684
9.00956407157399,2.56149669760253
9.02206407157399,2.55787247370476
9.03456407157399,2.55425337766794
9.04706407157399,2.55063940223673
9.05956407157399,2.54703054016605
9.07206407157399,2.54342678422108
9.08456407157399,2.53982812717724
9.09706407157399,2.53623456182019
9.10956407157399,2.53264608094576
9.12206407157399,2.52906267735998
9.13456407157399,2.52548434387909
9.14706407157399,2.52191107332946
9.15956407157399,2.51834285854764
9.17206407157399,2.51477969238027
9.18456407157399,2.51122156768417
9.19706407157399,2.50766847732622
9.20956407157399,2.50412041418342
9.22206407157399,2.50057737114282
9.23456407157399,2.49703934110156
9.24706407157399,2.49350631696683
9.25956407157399,2.48997829165584
9.27206407157399,2.48645525809582
9.28456407157399,2.48293720922402
9.29706407157399,2.47942413798769
9.30956407157399,2.47591603734404
9.32206407157399,2.47241290026024
9.33456407157399,2.46891471971343
9.34706407157399,2.4654214886907
9.35956407157399,2.46193320018901
9.37206407157399,2.45844984721526
9.38456407157399,2.45497142278627
9.39706407157399,2.4514979199287
9.40956407157399,2.4480293316791
9.42206407157399,2.44456565108384
9.43456407157399,2.44110687119917
9.44706407157399,2.43765298509116
9.45956407157399,2.43420398583565
9.47206407157399,2.43075986651832
9.48456407157399,2.42732062023461
9.49706407157399,2.42388624008975
9.50956407157399,2.4204567191987
9.52206407157399,2.41703205068617
9.53456407157399,2.41361222768661
9.54706407157399,2.41019724334418
9.55956407157399,2.40678709081273
9.57206407157399,2.40338176325579
9.58456407157399,2.39998125384659
9.59706407157399,2.396585555768
9.60956407157399,2.39319466221254
9.62206407157399,2.38980856638235
9.63456407157399,2.38642726148921
9.64706407157399,2.3830507407545
9.65956407157399,2.37967899740917
9.67206407157399,2.37631202469377
9.68456407157399,2.37294981585841
9.69706407157399,2.36959236416274
9.70956407157399,2.36623966287596
9.72206407157399,2.36289170527677
9.73456407157399,2.35954848465341
9.74706407157399,2.35620999430361
9.75956407157399,2.35287622753456
9.77206407157399,2.34954717766294
9.78456407157399,2.34622283801488
9.797064071574,2.34290320192597
9.80956407157399,2.33958826274119
9.82206407157399,2.33627801381497
9.834564071574,2.33297244851113
9.847064071574,2.3296715602029
9.859564071574,2.32637534227284
9.87206407157399,2.32308378811291
9.884564071574,2.31979689112442
9.897064071574,2.316514644718
9.909564071574,2.31323704231362
9.922064071574,2.30996407734052
9.934564071574,2.3066957432373
9.947064071574,2.3034320334518
9.959564071574,2.30017294144113
9.972064071574,2.29691846067168
9.984564071574,2.29366858461907
9.997064071574,2.29042330676816
10.009564071574,2.28718262061301
10.022064071574,2.28394651965691
10.034564071574,2.28071499741231
10.047064071574,2.27748804740089
10.059564071574,2.27426566315344
10.072064071574,2.27104783820993
10.084564071574,2.26783456611947
10.097064071574,2.26462584044031
10.109564071574,2.26142165473978
10.122064071574,2.25822200259434
10.134564071574,2.25502687758952
10.147064071574,2.25183627331996
10.159564071574,2.24865018338932
10.172064071574,2.24546860141032
10.184564071574,2.24229152100474
10.197064071574,2.23911893580337
10.209564071574,2.23595083944602
10.222064071574,2.23278722558146
10.234564071574,2.2296280878675
10.247064071574,2.22647341997091
10.259564071574,2.22332321556739
10.272064071574,2.22017746834162
10.284564071574,2.2170361719872
10.297064071574,2.21389932020666
10.309564071574,2.21076690671145
10.322064071574,2.20763892522188
10.334564071574,2.20451536946718
10.347064071574,2.20139623318547
10.359564071574,2.19828151012367
10.372064071574,2.19517119403758
10.384564071574,2.19206527869185
10.397064071574,2.18896375785995
10.409564071574,2.18586662532412
10.422064071574,2.18277387487543
10.434564071574,2.17968550031374
10.447064071574,2.17660149544766
10.459564071574,2.17352185409459
10.472064071574,2.17044657008064
10.484564071574,2.16737563724069
10.497064071574,2.16430904941832
10.509564071574,2.16124680046583
10.522064071574,2.15818888424421
10.534564071574,2.15513529462316
10.547064071574,2.15208602548103
10.559564071574,2.14904107070483
10.572064071574,2.14600042419023
10.584564071574,2.14296407984154
10.597064071574,2.13993203157168
10.609564071574,2.13690427330221
10.622064071574,2.13388079896325
10.634564071574,2.13086160249353
10.647064071574,2.12784667784038
10.659564071574,2.12483601895965
10.672064071574,2.12182961981576
10.684564071574,2.11882747438168
10.697064071574,2.11582957663891
10.709564071574,2.11283592057743
10.722064071574,2.10984650019575
10.734564071574,2.10686130950088
10.747064071574,2.1038803425083
10.759564071574,2.10090359324195
10.772064071574,2.09793105573423
10.784564071574,2.09496272402599
10.797064071574,2.09199859216651
10.809564071574,2.08903865421347
10.822064071574,2.08608290423298
10.834564071574,2.08313133629955
10.847064071574,2.08018394449606
10.859564071574,2.07724072291376
10.872064071574,2.07430166565226
10.884564071574,2.07136676681954
10.897064071574,2.06843602053189
10.909564071574,2.06550942091393
10.922064071574,2.06258696209861
10.934564071574,2.05966863822716
10.947064071574,2.05675444344911
10.959564071574,2.05384437192228
10.972064071574,2.05093841781273
10.984564071574,2.04803657529478
10.997064071574,2.04513883855102
11.009564071574,2.04224520177224
11.022064071574,2.03935565915745
11.034564071574,2.0364702049139
11.047064071574,2.03358883325699
11.059564071574,2.03071153841035
11.072064071574,2.02783831460575
11.084564071574,2.02496915608312
11.097064071574,2.02210405709058
11.109564071574,2.01924301188435
11.122064071574,2.01638601472877
11.134564071574,2.01353305989634
11.147064071574,2.01068414166762
11.159564071574,2.00783925433128
11.172064071574,2.00499839218407
11.184564071574,2.00216154953082
11.197064071574,1.9993287206844
11.209564071574,1.99649989996573
11.222064071574,1.99367508170377
11.234564071574,1.99085426023551
11.247064071574,1.98803742990594
11.259564071574,1.98522458506806
11.272064071574,1.98241572008284
11.284564071574,1.97961082931927
11.297064071574,1.97680990715427
11.309564071574,1.97401294797274
11.322064071574,1.97121994616749
11.334564071574,1.9684308961393
11.347064071574,1.96564579229687
11.359564071574,1.96286462905679
11.372064071574,1.96008740084355
11.384564071574,1.95731410208954
11.397064071574,1.95454472723505
11.409564071574,1.95177927072819
11.422064071574,1.94901772702495
11.434564071574,1.94626009058917
11.447064071574,1.94350635589251
11.459564071574,1.94075651741446
11.472064071574,1.93801056964231
11.484564071574,1.93526850707116
11.497064071574,1.9325303242039
11.509564071574,1.9297960155512
11.522064071574,1.92706557563148
11.534564071574,1.92433899897093
11.547064071574,1.92161628010349
11.559564071574,1.91889741357081
11.572064071574,1.91618239392228
11.584564071574,1.91347121571502
11.597064071574,1.91076387351381
11.609564071574,1.90806036189116
11.622064071574,1.90536067542722
11.634564071574,1.90266480870984
11.647064071574,1.89997275633452
11.659564071574,1.89728451290441
11.672064071574,1.89460007303026
11.684564071574,1.89191943133051
11.697064071574,1.88924258243116
11.709564071574,1.88656952096584
11.722064071574,1.88390024157575
11.734564071574,1.88123473890971
11.747064071574,1.87857300762408
11.759564071574,1.87591504238279
11.772064071574,1.87326083785731
11.784564071574,1.87061038872666
11.797064071574,1.86796368967741
11.809564071574,1.8653207354036
11.822064071574,1.86268152060681
11.834564071574,1.86004603999611
11.847064071574,1.85741428828806
11.859564071574,1.85478626020668
11.872064071574,1.85216195048347
11.884564071574,1.84954135385739
11.897064071574,1.84692446507482
11.909564071574,1.84431127888959
11.922064071574,1.84170179006295
11.934564071574,1.83909599336357
11.947064071574,1.8364938835675
11.959564071574,1.83389545545821
11.972064071574,1.83130070382652
11.984564071574,1.82870962347064
11.997064071574,1.82612220919615
12.009564071574,1.82353845581595
12.022064071574,1.8209583581503
12.034564071574,1.81838191102678
12.047064071574,1.8158091092803
12.059564071574,1.81323994775307
12.072064071574,1.81067442129458
12.084564071574,1.80811252476164
12.097064071574,1.80555425301832
12.109564071574,1.80299960093597
12.122064071574,1.80044856339315
12.134564071574,1.79790113527574
12.147064071574,1.7953573114768
12.159564071574,1.79281708689663
12.172064071574,1.79028045644275
12.184564071574,1.78774741502988
12.197064071574,1.78521795757996
12.209564071574,1.78269207902208
12.222064071574,1.7801697742925
12.234564071574,1.77765103833469
12.247064071574,1.77513586609924
12.259564071574,1.77262425254389
12.272064071574,1.77011619263351
12.284564071574,1.76761168134011
12.297064071574,1.7651107136428
12.309564071574,1.7626132845278
12.322064071574,1.76011938898841
12.334564071574,1.75762902202504
12.347064071574,1.75514217864517
12.359564071574,1.75265885386331
12.372064071574,1.75017904270105
12.384564071574,1.74770274018703
12.397064071574,1.74522994135692
12.409564071574,1.7427606412534
12.422064071574,1.74029483492618
12.434564071574,1.73783251743196
12.447064071574,1.73537368383445
12.459564071574,1.73291832920433
12.472064071574,1.73046644861926
12.484564071574,1.72801803716386
12.497064071574,1.72557308992973
12.509564071574,1.72313160201538
12.522064071574,1.72069356852626
12.534564071574,1.71825898457477
12.547064071574,1.71582784528021
12.559564071574,1.71340014576878
12.572064071574,1.71097588117357
12.584564071574,1.70855504663459
12.597064071574,1.7061376372987
12.609564071574,1.70372364831962
12.622064071574,1.70131307485793
12.634564071574,1.69890591208109
12.647064071574,1.69650215516336
12.659564071574,1.69410179928584
12.672064071574,1.69170483963644
12.684564071574,1.6893112714099
12.697064071574,1.68692108980774
12.709564071574,1.68453429003828
12.722064071574,1.68215086731661
12.734564071574,1.67977081686459
12.747064071574,1.67739413391086
12.759564071574,1.67502081369078
12.772064071574,1.67265085144647
12.784564071574,1.67028424242679
12.797064071574,1.66792098188732
12.809564071574,1.66556106509032
12.822064071574,1.66320448730478
12.834564071574,1.6608512438064
12.847064071574,1.65850132987754
12.859564071574,1.65615474080724
12.872064071574,1.6538114718912
12.884564071574,1.65147151843179
12.897064071574,1.64913487573803
12.909564071574,1.64680153912554
12.922064071574,1.64447150391661
12.934564071574,1.64214476544013
12.947064071574,1.63982131903161
12.959564071574,1.63750116003314
12.972064071574,1.63518428379342
12.984564071574,1.63287068566771
12.997064071574,1.63056036101788
13.009564071574,1.62825330521231
13.022064071574,1.62594951362597
13.034564071574,1.62364898164038
13.047064071574,1.62135170464356
13.059564071574,1.61905767803008
13.072064071574,1.61676689720102
13.084564071574,1.61447935756396
13.097064071574,1.61219505453301
13.109564071574,1.60991398352872
13.122064071574,1.60763613997814
13.134564071574,1.60536151931481
13.147064071574,1.60309011697871
13.159564071574,1.60082192841628
13.172064071574,1.59855694908039
13.184564071574,1.59629517443035
13.197064071574,1.59403659993191
13.209564071574,1.59178122105721
13.222064071574,1.58952903328482
13.234564071574,1.58728003209969
13.247064071574,1.58503421299316
13.259564071574,1.58279157146297
13.272064071574,1.5805521030132
13.284564071574,1.57831580315431
13.297064071574,1.57608266740311
13.309564071574,1.57385269128274
13.322064071574,1.5716258703227
13.334564071574,1.56940220005879
13.347064071574,1.56718167603314
13.359564071574,1.56496429379418
13.372064071574,1.56275004889665
13.384564071574,1.56053893690156
13.397064071574,1.55833095337623
13.409564071574,1.55612609389422
13.422064071574,1.55392435403537
13.434564071574,1.55172572938577
13.447064071574,1.54953021553777
13.459564071574,1.54733780808993
13.472064071574,1.54514850264704
13.484564071574,1.54296229482014
13.497064071574,1.54077918022645
13.509564071574,1.5385991544894
13.522064071574,1.5364222132386
13.534564071574,1.53424835210988
13.547064071574,1.53207756674521
13.559564071574,1.52990985279273
13.572064071574,1.52774520590675
13.584564071574,1.52558362174772
13.597064071574,1.52342509598224
13.609564071574,1.52126962428303
13.622064071574,1.51911720232893
13.634564071574,1.51696782580491
13.6470640715741,1.51482149040204
13.659564071574,1.51267819181747
13.672064071574,1.51053792575445
13.684564071574,1.50840068792232
13.6970640715741,1.50626647403647
13.7095640715741,1.50413527981838
13.722064071574,1.50200710099555
13.7345640715741,1.49988193330155
13.7470640715741,1.49775977247598
13.7595640715741,1.49564061426445
13.7720640715741,1.49352445441863
13.7845640715741,1.49141128869616
13.7970640715741,1.4893011128607
13.8095640715741,1.48719392268191
13.8220640715741,1.48508971393543
13.8345640715741,1.48298848240286
13.8470640715741,1.4808902238718
13.8595640715741,1.47879493413579
13.8720640715741,1.47670260899432
13.8845640715741,1.47461324425283
13.8970640715741,1.4725268357227
13.9095640715741,1.47044337922123
13.9220640715741,1.46836287057163
13.9345640715741,1.46628530560304
13.9470640715741,1.46421068015048
13.9595640715741,1.46213899005487
13.9720640715741,1.46007023116302
13.9845640715741,1.45800439932761
13.9970640715741,1.45594149040721
14.0095640715741,1.4538815002662
14.0220640715741,1.45182442477487
14.0345640715741,1.4497702598093
14.0470640715741,1.44771900125145
14.0595640715741,1.44567064498908
14.0720640715741,1.44362518691577
14.0845640715741,1.44158262293092
14.0970640715741,1.43954294893973
14.1095640715741,1.43750616085319
14.1220640715741,1.43547225458807
14.1345640715741,1.43344122606692
14.1470640715741,1.43141307121808
14.1595640715741,1.42938778597561
14.1720640715741,1.42736536627936
14.1845640715741,1.42534580807492
14.1970640715741,1.42332910731359
14.2095640715741,1.42131525995242
14.2220640715741,1.41930426195418
14.2345640715741,1.41729610928735
14.2470640715741,1.41529079792611
14.2595640715741,1.41328832385034
14.2720640715741,1.4112886830456
14.2845640715741,1.40929187150315
14.2970640715741,1.40729788521989
14.3095640715741,1.40530672019843
14.3220640715741,1.40331837244697
14.3345640715741,1.40133283797943
14.3470640715741,1.39935011281532
14.3595640715741,1.3973701929798
14.3720640715741,1.39539307450365
14.3845640715741,1.39341875342328
14.3970640715741,1.39144722578068
14.4095640715741,1.38947848762347
14.4220640715741,1.38751253500484
14.4345640715741,1.38554936398357
14.4470640715741,1.38358897062402
14.4595640715741,1.38163135099613
14.4696730536805,1.38005021359557
14.479782035787,1.37847088564692
14.4898910178935,1.37689336507944
14.5,1.37531764982476
