0,0
1.5,0
1.5,0
1.50190437687629,0.239283630924959
1.50380875375257,0.463947797977775
1.50571313062886,0.674879811177226
1.50761750750514,0.872916999253855
1.50952188438143,1.05884578510885
1.51142626125771,1.23339909202062
1.513330638134,1.39726734510002
1.51523501501028,1.55110207849886
1.51739141013339,1.71395198819193
1.51954780525651,1.8655453181911
1.52170420037962,2.00665205496614
1.52386059550274,2.13799400293657
1.52627204591485,2.27413204529523
1.52868349632697,2.39976166231693
1.53109494673909,2.51568276129422
1.5335063971512,2.62264043083639
1.53596679737145,2.72324499391873
1.5384271975917,2.81590030846829
1.54088759781195,2.90122318001772
1.5433479980322,2.97978746596864
1.54580718123256,3.05208806811275
1.54826636443292,3.11864578940116
1.55072554763328,3.1799060394298
1.55318473083364,3.23628322603439
1.55564394427104,3.28816015355967
1.55810315770844,3.3358835115816
1.56056237114584,3.37977546112855
1.56302158458323,3.42013573969399
1.56548079726938,3.45724077267695
1.56794000995552,3.49134184293281
1.57039922264166,3.52267195745498
1.5728584353278,3.55144790513445
1.57531764803261,3.57786962214878
1.57777686073741,3.60211884261031
1.58023607344222,3.62436409189278
1.58269528614702,3.64476216540967
1.58515449885136,3.6634576694809
1.58761371155571,3.68058204584641
1.59007292426005,3.69625718268015
1.59253213696439,3.71059648430513
1.59499134966875,3.72370453912156
1.5974505623731,3.73567641406538
1.59990977507746,3.74660026633085
1.60236898778181,3.75655811705333
1.60482820048617,3.76562561113385
1.60728741319052,3.77387150694687
1.60974662589487,3.78135956530356
1.61220583859923,3.78814910902826
1.61466505130358,3.79429484924839
1.61712426400794,3.79984651631873
1.61958347671229,3.80485022603946
1.62204268941664,3.80934888437731
1.624501902121,3.81338206182745
1.62696111482535,3.81698572647446
1.62942032752971,3.82019323212792
1.63187954023406,3.82303561104234
1.63433875293842,3.82554148304773
1.63679796564277,3.82773686248241
1.63925717834712,3.82964587287526
1.64171639105148,3.83129095865938
1.64417560375583,3.83269281944952
1.64663481646019,3.83387027040369
1.64909402916454,3.83484075912663
1.65155324186889,3.83562051879457
1.65415695028041,3.83625485144352
1.65676065869192,3.83670826862646
1.65936436710343,3.83699563489585
1.66196807551495,3.83713073323627
1.66474203381454,3.83712134950557
1.66751599211413,3.83696725574458
1.67028995041373,3.8366810942884
1.67306390871332,3.83627454275914
1.67602976684361,3.83571874911507
1.67899562497389,3.83504913222184
1.68196148310417,3.83427630568573
1.68492734123446,3.83341003328893
1.68811195894196,3.83238592152605
1.69129657664947,3.83127395456387
1.69448119435697,3.83008291905419
1.69766581206448,3.82882086327715
1.70110176287474,3.82738789235954
1.704537713685,3.82588861732764
1.70797366449526,3.82433019450951
1.71140961530552,3.82271914952085
1.71513699333156,3.82091872710061
1.7188643713576,3.81906962170003
1.72259174938364,3.81717755115926
1.72631912740968,3.81524770594512
1.73038795507814,3.81310335145306
1.7344567827466,3.81092448574659
1.73852561041506,3.80871557436436
1.74259443808352,3.80648065388046
1.74706810644079,3.80399755359607
1.75154177479805,3.80149113844101
1.75601544315532,3.7989648012566
1.76048911151259,3.79642159868031
1.76544939780905,3.79358524317918
1.77040968410551,3.79073426267407
1.77536997040197,3.78787114918525
1.78033025669843,3.78499814479923
1.78588484920581,3.78177153213965
1.79143944171319,3.77853694576969
1.79699403422056,3.77529613963635
1.80254862672794,3.77205069654808
1.80884277250575,3.76836921161558
1.81513691828356,3.76468484149265
1.82143106406137,3.76099875395388
1.82772520983918,3.75731201581751
1.83496041686761,3.75307438711384
1.84219562389604,3.74883790230783
1.84943083092447,3.74460328194031
1.8566660379529,3.74037120587578
1.865131405902,3.73542352975558
1.8735967738511,3.73048054184264
1.88206214180019,3.7255426387944
1.89052750974929,3.72061022556862
1.90065483332223,3.71471710822602
1.91078215689517,3.70883248595701
1.92090948046811,3.70295653593162
1.93103680404105,3.69708947991091
1.94350267309087,3.68988008503759
1.9559685421407,3.68268442336109
1.96843441119053,3.67550253319476
1.98090028024035,3.66833452011214
1.98567521018026,3.66559257882554
1.99045014012018,3.66285267527621
1.99522507006009,3.66011480962738
2,3.65737898187371
2,3.65737898187371
2.0025,3.96703151835726
2.005,4.25197154015491
2.0075,4.51414585850653
2.01,4.7553640191348
2.01245819992862,4.97373186013221
2.01491639985723,5.17488844439252
2.01737459978585,5.36016809649479
2.01983279971446,5.53081229755519
2.02229203758218,5.68802971746147
2.0247512754499,5.83278741622189
2.02721051331762,5.96605176168559
2.02966975118533,6.08872185860797
2.03212896326449,6.20162578022438
2.03458817534364,6.30551856251495
2.03704738742279,6.40109912049155
2.03950659950194,6.48901772226044
2.04196581222183,6.56987410510111
2.04442502494172,6.64421336600019
2.04688423766161,6.71254100490913
2.0493434503815,6.77532733721647
2.05180266308547,6.83300611620866
2.05426187578944,6.88597160815261
2.05672108849341,6.93458942253751
2.05918030119738,6.97919972114648
2.06163951390174,7.02011622199796
2.0640987266061,7.05762408302173
2.06655793931046,7.09198773606291
2.06901715201482,7.12345320757216
2.07147636471918,7.15224739818831
2.07393557742353,7.17857655209323
2.07639479012788,7.20263192304486
2.07885400283224,7.22459145285291
2.08131321553659,7.24461925032747
2.08377242824095,7.26286448421911
2.08623164094531,7.27946548125351
2.08869085364966,7.2945509401114
2.09115006635402,7.30823955457114
2.09360927905837,7.32063921281289
2.09606849176272,7.331849961377
2.09852770446708,7.3419648831913
2.10098691717143,7.35106982500393
2.10344612987578,7.35924281826932
2.10590534258014,7.36655622287084
2.10836455528449,7.37307736216584
2.11082376798884,7.37886832584774
2.1132829806932,7.38398555109407
2.11574219339755,7.38848137304263
2.11820140610191,7.39240448409631
2.12066061880626,7.39579979134043
2.12311983151062,7.39870811360252
2.12557904421497,7.40116730285489
2.12803825691933,7.40321257641307
2.13049746962368,7.40487641381098
2.13295668232804,7.40618833769529
2.13541589503239,7.40717572489495
2.13787510773675,7.40786404668812
2.1403343204411,7.40827679421573
2.14279353314545,7.40843532001046
2.14525274584981,7.40835942461359
2.14771195855416,7.40806753035127
2.15025061148132,7.40755763662333
2.15278926440848,7.4068526306954
2.15532791733564,7.40596820165681
2.1578665702628,7.40491891906349
2.16057299366034,7.40363381137073
2.16327941705788,7.40219122665756
2.16598584045542,7.40060465189011
2.16869226385297,7.39888656351329
2.17158102514832,7.39692048712419
2.17446978644368,7.3948300012765
2.17735854773904,7.39262647803696
2.1802473090344,7.39032039572495
2.18334391764344,7.3877453238656
2.18644052625247,7.38507375157407
2.18953713486151,7.38231514732692
2.19263374347054,7.37947819859486
2.19596831187828,7.37634462922418
2.19930288028601,7.37313789053816
2.20263744869375,7.36986574509992
2.20597201710148,7.36653528365583
2.20958149952908,7.36287187443093
2.21319098195668,7.35915454135124
2.21680046438427,7.35538953488448
2.22040994681187,7.35158253875597
2.2243401875007,7.34739538681207
2.22827042818953,7.34316996551449
2.23220066887835,7.33891120164895
2.23613090956718,7.33462355565107
2.2404396428604,7.32989445704417
2.24474837615361,7.3251396449746
2.24905710944683,7.32036290474232
2.25336584274005,7.3155676503325
2.25812701548528,7.31025090395956
2.26288818823052,7.3049183958595
2.26764936097575,7.29957294474362
2.27241053372099,7.29421708689467
2.27772071728421,7.28823402803704
2.28303090084744,7.28224305938518
2.28834108441066,7.27624619933669
2.29365126797389,7.27024526567018
2.29963945736287,7.26347515717014
2.30562764675186,7.25670342083361
2.31161583614085,7.24993143075619
2.31760402552983,7.24316043406964
2.32444714234877,7.23542528443591
2.33129025916771,7.22769380577512
2.33813337598665,7.21996687157096
2.34497649280558,7.2122452926117
2.35292491541336,7.20328410254586
2.36087333802113,7.19433160902225
2.3688217606289,7.18538831364052
2.37677018323667,7.1764547088211
2.38619178179518,7.16587840945722
2.39561338035369,7.15531653758405
2.4050349789122,7.14476933311398
2.41445657747072,7.13423706813077
2.42591668799844,7.121446407201
2.43737679852617,7.10867819963016
2.4488369090539,7.09593250985451
2.46029701958163,7.08320946247286
2.47279701958163,7.06935783293856
2.48529701958163,7.05553316359745
2.49779701958163,7.04173542713123
2.51029701958163,7.02796462307384
2.52279701958163,7.01422073474325
2.53529701958163,7.00050369800847
2.54779701958163,6.98681346553066
2.56029701958163,6.97314999551955
2.57279701958163,6.95951324296491
2.58529701958163,6.94590315327774
2.59779701958163,6.93231967536896
2.61029701958163,6.91876275936011
2.62279701958163,6.90523235479805
2.63529701958163,6.89172840936041
2.64779701958163,6.87825087151788
2.66029701958163,6.86479969006795
2.67279701958163,6.85137481377136
2.68529701958163,6.83797619108864
2.69779701958163,6.82460377072162
2.71029701958163,6.81125750151836
2.72279701958163,6.7979373323991
2.73529701958163,6.78464321230263
2.74779701958163,6.77137509029613
2.76029701958163,6.75813291555563
2.77279701958163,6.74491663735084
2.78529701958163,6.73172620503436
2.79779701958163,6.71856156806355
2.81029701958163,6.70542267599636
2.82279701958163,6.69230947848823
2.83529701958163,6.67922192528995
2.84779701958163,6.66615996625165
2.86029701958163,6.65312355132176
2.87279701958163,6.64011263054636
2.88529701958163,6.6271271540688
2.89779701958163,6.61416707213006
2.91029701958163,6.60123233506834
2.92279701958163,6.58832289331894
2.93529701958163,6.57543869741419
2.94779701958163,6.56257969798312
2.96029701958163,6.54974584575113
2.97279701958163,6.53693709154003
2.98529701958163,6.524153386268
2.99779701958163,6.51139468094911
3.01029701958163,6.49866092669309
3.02279701958163,6.48595207470526
3.03529701958163,6.47326807628664
3.04779701958163,6.46060888283337
3.06029701958163,6.44797444583648
3.07279701958163,6.43536471688187
3.08529701958163,6.4227796476504
3.09779701958163,6.41021918991727
3.11029701958163,6.39768329555188
3.12279701958163,6.38517191651775
3.13529701958163,6.37268500487256
3.14779701958163,6.36022251276768
3.16029701958163,6.34778439244789
3.17279701958163,6.33537059625136
3.18529701958163,6.32298107660973
3.19779701958163,6.31061578604754
3.21029701958163,6.29827467718205
3.22279701958163,6.28595770272316
3.23529701958163,6.27366481547353
3.24779701958163,6.26139596832798
3.26029701958163,6.24915111427333
3.27279701958163,6.23693020638834
3.28529701958163,6.22473319784376
3.29779701958163,6.21256004190183
3.31029701958163,6.20041069191605
3.32279701958163,6.18828510133112
3.33529701958163,6.17618322368306
3.34779701958163,6.16410501259863
3.36029701958163,6.15205042179514
3.37279701958163,6.14001940508043
3.38529701958163,6.12801191635289
3.39779701958163,6.11602790960099
3.41029701958163,6.10406733890301
3.42279701958163,6.09213015842707
3.43529701958163,6.08021632243113
3.44779701958163,6.06832578526253
3.46029701958163,6.05645850135771
3.47279701958163,6.04461442524227
3.48529701958163,6.03279351153093
3.49779701958163,6.02099571492709
3.51029701958163,6.00922099022259
3.52279701958163,5.99746929229768
3.53529701958163,5.98574057612108
3.54779701958163,5.97403479674947
3.56029701958163,5.96235190932731
3.57279701958163,5.95069186908674
3.58529701958163,5.93905463134773
3.59779701958163,5.92744015151748
3.61029701958163,5.91584838509029
3.62279701958163,5.9042792876475
3.63529701958163,5.89273281485753
3.64779701958163,5.88120892247541
3.66029701958163,5.86970756634254
3.67279701958163,5.85822870238672
3.68529701958163,5.84677228662214
3.69779701958163,5.8353382751489
3.71029701958163,5.82392662415284
3.72279701958163,5.81253728990548
3.73529701958163,5.80117022876408
3.74779701958163,5.78982539717115
3.76029701958163,5.77850275165427
3.77279701958163,5.76720224882599
3.78529701958163,5.755923845384
3.79779701958163,5.74466749811051
3.81029701958163,5.73343316387216
3.82279701958163,5.72222079961994
3.83529701958163,5.71103036238922
3.84779701958163,5.69986180929934
3.86029701958163,5.68871509755334
3.87279701958163,5.67759018443796
3.88529701958163,5.6664870273237
3.89779701958163,5.65540558366433
3.91029701958163,5.64434581099669
3.92279701958163,5.63330766694066
3.93529701958163,5.62229110919924
3.94779701958163,5.61129609555802
3.96029701958163,5.60032258388506
3.97279701958163,5.58937053213077
3.98529701958163,5.57843989832804
3.99779701958163,5.56753064059173
4.01029701958163,5.55664271711849
4.02279701958163,5.54577608618671
4.03529701958163,5.5349307061566
4.04779701958163,5.52410653546971
4.06029701958163,5.51330353264873
4.07279701958163,5.50252165629746
4.08529701958163,5.49176086510088
4.09779701958163,5.48102111782467
4.11029701958163,5.47030237331503
4.12279701958163,5.45960459049864
4.13529701958162,5.4489277283827
4.14779701958162,5.43827174605451
4.16029701958163,5.42763660268125
4.17279701958163,5.41702225750994
4.18529701958163,5.40642866986752
4.19779701958162,5.39585579916039
4.21029701958162,5.38530360487418
4.22279701958163,5.3747720465738
4.23529701958162,5.3642610839034
4.24779701958162,5.35377067658599
4.26029701958162,5.34330078442322
4.27279701958162,5.33285136729533
4.28529701958163,5.32242238516126
4.29779701958162,5.31201379805815
4.31029701958162,5.30162556610117
4.32279701958162,5.29125764948349
4.33529701958162,5.28091000847635
4.34779701958162,5.27058260342857
4.36029701958162,5.26027539476642
4.37279701958162,5.24998834299353
4.38529701958162,5.239721408691
4.39779701958162,5.22947455251693
4.41029701958162,5.21924773520623
4.42279701958162,5.2090409175706
4.43529701958162,5.19885406049857
4.44779701958162,5.1886871249551
4.46029701958162,5.17854007198134
4.47279701958162,5.16841286269465
4.48529701958162,5.15830545828861
4.49779701958162,5.14821782003263
4.51029701958162,5.13814990927172
4.52279701958162,5.12810168742651
4.53529701958162,5.11807311599325
4.54779701958162,5.10806415654343
4.56029701958162,5.09807477072355
4.57279701958162,5.08810492025514
4.58529701958162,5.07815456693477
4.59779701958162,5.06822367263364
4.61029701958162,5.05831219929741
4.62279701958162,5.04842010894613
4.63529701958162,5.03854736367437
4.64779701958162,5.02869392565071
4.66029701958162,5.01885975711759
4.67279701958162,5.00904482039133
4.68529701958162,4.99924907786212
4.69779701958162,4.98947249199359
4.71029701958162,4.97971502532272
4.72279701958162,4.96997664045969
4.73529701958162,4.96025730008806
4.74779701958162,4.95055696696422
4.76029701958162,4.94087560391734
4.77279701958162,4.93121317384923
4.78529701958162,4.92156963973449
4.79779701958162,4.91194496462001
4.81029701958162,4.90233911162486
4.82279701958162,4.8927520439402
4.83529701958162,4.88318372482941
4.84779701958162,4.87363411762761
4.86029701958162,4.8641031857415
4.87279701958162,4.85459089264936
4.88529701958162,4.84509720190108
4.89779701958162,4.83562207711774
4.91029701958162,4.82616548199147
4.92279701958162,4.8167273802854
4.93529701958162,4.8073077358337
4.94779701958162,4.7979065125412
4.96029701958162,4.78852367438321
4.97279701958162,4.77915918540549
4.98529701958162,4.76981300972429
4.99779701958162,4.76048511152597
5.01029701958162,4.7511754550668
5.02279701958162,4.74188400467297
5.03529701958162,4.73261072474061
5.04779701958162,4.72335557973542
5.06029701958162,4.71411853419244
5.07279701958162,4.70489955271611
5.08529701958162,4.69569859998024
5.09779701958162,4.68651564072768
5.11029701958162,4.6773506397701
5.12279701958162,4.66820356198799
5.13529701958162,4.6590743723307
5.14779701958162,4.64996303581605
5.16029701958162,4.64086951753018
5.17279701958162,4.63179378262749
5.18529701958162,4.62273579633071
5.19779701958162,4.61369552393051
5.21029701958162,4.60467293078533
5.22279701958162,4.59566798232135
5.23529701958162,4.58668064403256
5.24779701958162,4.57771088148033
5.26029701958162,4.56875866029329
5.27279701958162,4.55982394616729
5.28529701958162,4.55090670486544
5.29779701958162,4.54200690221773
5.31029701958162,4.53312450412085
5.32279701958162,4.52425947653822
5.33529701958162,4.51541178549997
5.34779701958162,4.50658139710261
5.36029701958162,4.49776827750883
5.37279701958162,4.4889723929475
5.38529701958162,4.4801937097137
5.39779701958162,4.47143219416838
5.41029701958162,4.46268781273814
5.42279701958162,4.45396053191525
5.43529701958162,4.44525031825768
5.44779701958162,4.43655713838873
5.46029701958162,4.42788095899687
5.47279701958162,4.41922174683572
5.48529701958162,4.41057946872407
5.49779701958162,4.40195409154555
5.51029701958162,4.39334558224844
5.52279701958162,4.38475390784567
5.53529701958162,4.37617903541482
5.54779701958162,4.36762093209782
5.56029701958162,4.35907956510074
5.57279701958162,4.35055490169377
5.58529701958162,4.3420469092113
5.59779701958162,4.33355555505153
5.61029701958162,4.32508080667629
5.62279701958162,4.31662263161107
5.63529701958162,4.30818099744503
5.64779701958162,4.29975587183063
5.66029701958162,4.2913472224835
5.67279701958162,4.28295501718242
5.68529701958162,4.27457922376932
5.69779701958162,4.26621981014898
5.71029701958162,4.25787674428881
5.72279701958162,4.24954999421891
5.73529701958162,4.24123952803203
5.74779701958162,4.23294531388327
5.76029701958162,4.2246673199899
5.77279701958162,4.21640551463135
5.78529701958162,4.20815986614923
5.79779701958162,4.19993034294703
5.81029701958162,4.19171691348989
5.82279701958162,4.18351954630465
5.83529701958162,4.17533820997987
5.84779701958162,4.16717287316543
5.86029701958162,4.15902350457247
5.87279701958162,4.15089007297329
5.88529701958162,4.14277254720143
5.89779701958162,4.13467089615131
5.91029701958162,4.12658508877808
5.92279701958162,4.11851509409763
5.93529701958162,4.11046088118657
5.94779701958162,4.10242241918193
5.96029701958162,4.094399677281
5.97279701958162,4.08639262474132
5.98529701958162,4.0784012308807
5.99779701958162,4.07042546507688
6.01029701958162,4.0624652967674
6.02279701958162,4.05452069544957
6.03529701958162,4.04659163068051
6.04779701958162,4.0386780720768
6.06029701958162,4.03077998931436
6.07279701958162,4.0228973521284
6.08529701958162,4.01503013031347
6.09779701958162,4.00717829372314
6.11029701958162,3.99934181226984
6.12279701958162,3.99152065592483
6.13529701958162,3.98371479471825
6.14779701958162,3.9759241987388
6.16029701958162,3.96814883813357
6.17279701958162,3.96038868310803
6.18529701958162,3.95264370392609
6.19779701958162,3.94491387090972
6.21029701958162,3.93719915443886
6.22279701958162,3.92949952495136
6.23529701958162,3.92181495294306
6.24779701958162,3.91414540896741
6.26029701958162,3.90649086363536
6.27279701958162,3.89885128761535
6.28529701958162,3.89122665163331
6.29779701958162,3.88361692647238
6.31029701958162,3.87602208297272
6.32279701958162,3.86844209203155
6.33529701958162,3.86087692460313
6.34779701958162,3.85332655169846
6.36029701958162,3.84579094438515
6.37279701958162,3.8382700737874
6.38529701958162,3.83076391108601
6.39779701958162,3.82327242751808
6.41029701958162,3.81579559437689
6.42279701958162,3.80833338301184
6.43529701958162,3.80088576482852
6.44779701958162,3.79345271128837
6.46029701958162,3.78603419390856
6.47279701958162,3.77863018426195
6.48529701958162,3.77124065397716
6.49779701958162,3.76386557473821
6.51029701958162,3.75650491828443
6.52279701958162,3.74915865641039
6.53529701958162,3.741826760966
6.54779701958162,3.73450920385613
6.56029701958162,3.72720595704052
6.57279701958162,3.71991699253375
6.58529701958162,3.71264228240527
6.59779701958162,3.70538179877908
6.61029701958162,3.69813551383363
6.62279701958162,3.69090339980177
6.63529701958162,3.68368542897078
6.64779701958162,3.67648157368211
6.66029701958162,3.66929180633118
6.67279701958162,3.66211609936741
6.68529701958162,3.65495442529425
6.69779701958162,3.64780675666884
6.71029701958162,3.64067306610193
6.72279701958162,3.63355332625781
6.73529701958162,3.62644750985439
6.74779701958162,3.61935558966286
6.76029701958162,3.61227753850758
6.77279701958162,3.60521332926606
6.78529701958162,3.59816293486898
6.79779701958162,3.59112632829991
6.81029701958162,3.58410348259518
6.82279701958162,3.57709437084382
6.83529701958162,3.57009896618765
6.84779701958162,3.56311724182096
6.86029701958162,3.55614917099037
6.87279701958162,3.54919472699482
6.88529701958162,3.5422538831856
6.89779701958162,3.53532661296608
6.91029701958162,3.52841288979152
6.92279701958162,3.52151268716914
6.93529701958161,3.51462597865808
6.94779701958161,3.50775273786913
6.96029701958162,3.50089293846461
6.97279701958162,3.49404655415835
6.98529701958162,3.48721355871573
6.99779701958161,3.48039392595335
7.01029701958161,3.47358762973897
7.02279701958162,3.46679464399143
7.03529701958161,3.46001494268072
7.04779701958161,3.45324849982767
7.06029701958161,3.44649528950386
7.07279701958161,3.43975528583154
7.08529701958162,3.43302846298372
7.09779701958161,3.42631479518388
7.11029701958161,3.4196142567058
7.12279701958161,3.41292682187358
7.13529701958161,3.40625246506167
7.14779701958161,3.39959116069458
7.16029701958161,3.39294288324674
7.17279701958161,3.38630760724254
7.18529701958161,3.37968530725627
7.19779701958161,3.37307595791193
7.21029701958161,3.36647953388304
7.22279701958161,3.35989600989267
7.23529701958161,3.35332536071343
7.24779701958161,3.34676756116724
7.26029701958161,3.34022258612515
7.27279701958161,3.33369041050739
7.28529701958161,3.32717100928332
7.29779701958161,3.32066435747124
7.31029701958161,3.3141704301382
7.32279701958161,3.30768920240002
7.33529701958161,3.30122064942132
7.34779701958161,3.29476474641523
7.36029701958161,3.28832146864325
7.37279701958161,3.28189079141531
7.38529701958161,3.27547269008971
7.39779701958161,3.26906714007292
7.41029701958161,3.2626741168194
7.42279701958161,3.25629359583162
7.43529701958161,3.24992555266011
7.44779701958161,3.24356996290312
7.46029701958161,3.23722680220658
7.47279701958161,3.23089604626403
7.48529701958161,3.22457767081667
7.49779701958161,3.2182716516531
7.51029701958161,3.21197796460918
7.52279701958161,3.20569658556804
7.53529701958161,3.19942749046009
7.54779701958161,3.19317065526276
7.56029701958161,3.18692605600038
7.57279701958161,3.18069366874418
7.58529701958161,3.17447346961231
7.59779701958161,3.16826543476954
7.61029701958161,3.16206954042723
7.62279701958161,3.15588576284323
7.63529701958161,3.14971407832194
7.64779701958161,3.14355446321407
7.66029701958161,3.13740689391649
7.67279701958161,3.13127134687223
7.68529701958161,3.12514779857053
7.69779701958161,3.11903622554652
7.71029701958161,3.11293660438118
7.72279701958161,3.10684891170128
7.73529701958161,3.10077312417942
7.74779701958161,3.09470921853375
7.76029701958161,3.08865717152791
7.77279701958161,3.08261695997095
7.78529701958161,3.07658856071744
7.79779701958161,3.07057195066711
7.81029701958161,3.06456710676482
7.82279701958161,3.05857400600053
7.83529701958161,3.05259262540929
7.84779701958161,3.04662294207103
7.86029701958161,3.04066493311042
7.87279701958161,3.03471857569688
7.88529701958161,3.0287838470446
7.89779701958161,3.02286072441225
7.91029701958161,3.01694918510294
7.92279701958161,3.01104920646414
7.93529701958161,3.00516076588775
7.94779701958161,2.99928384080984
7.96029701958161,2.99341840871052
7.97279701958161,2.98756444711395
7.98529701958161,2.98172193358837
7.99779701958161,2.97589084574583
8.01029701958161,2.97007116124208
8.02279701958161,2.96426285777659
8.03529701958161,2.95846591309254
8.04779701958161,2.95268030497661
8.06029701958161,2.94690601125883
8.07279701958161,2.94114300981259
8.08529701958161,2.93539127855468
8.09779701958161,2.92965079544501
8.11029701958161,2.92392153848653
8.12279701958161,2.91820348572523
8.13529701958161,2.91249661525011
8.14779701958161,2.906800905193
8.16029701958161,2.90111633372842
8.17279701958161,2.89544287907357
8.18529701958161,2.88978051948836
8.19779701958161,2.88412923327519
8.21029701958161,2.87848899877878
8.22279701958161,2.87285979438626
8.23529701958161,2.86724159852708
8.24779701958161,2.86163438967287
8.26029701958161,2.85603814633727
8.27279701958161,2.85045284707595
8.28529701958161,2.84487847048663
8.29779701958161,2.83931499520884
8.31029701958161,2.8337623999238
8.32279701958161,2.82822066335444
8.33529701958161,2.82268976426541
8.34779701958161,2.81716968146282
8.36029701958161,2.8116603937942
8.37279701958161,2.80616188014841
8.38529701958161,2.80067411945572
8.39779701958161,2.79519709068757
8.41029701958161,2.78973077285644
8.42279701958161,2.78427514501586
8.43529701958161,2.77883018626044
8.44779701958161,2.77339587572562
8.46029701958161,2.76797219258758
8.47279701958161,2.76255911606322
8.48529701958161,2.75715662541021
8.49779701958161,2.75176469992671
8.51029701958161,2.74638331895132
8.52279701958161,2.74101246186305
8.53529701958161,2.73565210808133
8.54779701958161,2.7303022370658
8.56029701958161,2.72496282831621
8.57279701958161,2.71963386137239
8.58529701958161,2.7143153158143
8.59779701958161,2.70900717126179
8.61029701958161,2.70370940737449
8.62279701958161,2.69842200385182
8.63529701958161,2.693144940433
8.64779701958161,2.68787819689684
8.66029701958161,2.6826217530616
8.67279701958161,2.67737558878506
8.68529701958161,2.67213968396444
8.69779701958161,2.66691401853628
8.71029701958161,2.66169857247626
8.72279701958161,2.65649332579922
8.73529701958161,2.65129825855922
8.74779701958161,2.64611335084925
8.76029701958161,2.64093858280118
8.77279701958161,2.63577393458575
8.78529701958161,2.63061938641255
8.79779701958161,2.62547491852985
8.81029701958161,2.62034051122449
8.82279701958161,2.61521614482185
8.83529701958161,2.6101017996859
8.84779701958161,2.60499745621896
8.86029701958161,2.5999030948616
8.87279701958161,2.59481869609268
8.88529701958161,2.58974424042931
8.89779701958161,2.58467970842666
8.91029701958161,2.57962508067786
8.92279701958161,2.57458033781403
8.93529701958161,2.56954546050421
8.94779701958161,2.56452042945527
8.96029701958161,2.55950522541168
8.97279701958161,2.55449982915563
8.98529701958161,2.54950422150694
8.99779701958161,2.54451838332294
9.01029701958161,2.53954229549832
9.02279701958161,2.53457593896512
9.03529701958161,2.52961929469279
9.04779701958161,2.52467234368793
9.06029701958161,2.51973506699426
9.07279701958161,2.51480744569255
9.08529701958161,2.50988946090066
9.09779701958161,2.50498109377336
9.11029701958161,2.50008232550218
9.12279701958161,2.49519313731547
9.13529701958161,2.49031351047838
9.14779701958161,2.48544342629262
9.16029701958161,2.48058286609647
9.17279701958161,2.47573181126465
9.18529701958161,2.47089024320844
9.19779701958161,2.4660581433754
9.21029701958161,2.46123549324935
9.22279701958161,2.4564222743503
9.23529701958161,2.45161846823449
9.24779701958161,2.44682405649419
9.26029701958161,2.44203902075764
9.27279701958161,2.43726334268897
9.28529701958161,2.43249700398829
9.29779701958161,2.42773998639144
9.31029701958161,2.42299227166994
9.32279701958161,2.41825384163094
9.33529701958161,2.41352467811727
9.34779701958161,2.40880476300724
9.36029701958161,2.40409407821453
9.37279701958161,2.39939260568818
9.38529701958161,2.39470032741266
9.39779701958161,2.3900172254076
9.41029701958161,2.38534328172775
9.42279701958161,2.38067847846296
9.43529701958161,2.37602279773817
9.44779701958161,2.37137622171328
9.46029701958161,2.36673873258299
9.47279701958161,2.36211031257685
9.48529701958161,2.35749094395922
9.49779701958161,2.35288060902913
9.51029701958161,2.34827929012017
9.52279701958161,2.34368696960047
9.53529701958161,2.33910362987273
9.54779701958161,2.33452925337405
9.56029701958161,2.3299638225758
9.57279701958161,2.32540731998363
9.58529701958161,2.32085972813749
9.59779701958161,2.31632102961147
9.61029701958161,2.31179120701364
9.62279701958161,2.3072702429861
9.63529701958161,2.30275812020501
9.64779701958161,2.29825482138033
9.66029701958161,2.2937603292558
9.67279701958161,2.28927462660891
9.68529701958161,2.28479769625093
9.69779701958161,2.28032952102667
9.71029701958161,2.27587008381447
9.72279701958161,2.27141936752614
9.73529701958161,2.26697735510701
9.74779701958161,2.26254402953571
9.76029701958161,2.2581193738241
9.77279701958161,2.25370337101729
9.78529701958161,2.24929600419361
9.79779701958161,2.24489725646446
9.81029701958161,2.2405071109742
9.82279701958161,2.23612555090017
9.83529701958161,2.23175255945269
9.84779701958161,2.22738811987487
9.86029701958161,2.22303221544255
9.87279701958161,2.21868482946428
9.88529701958161,2.21434594528133
9.89779701958161,2.2100155462675
9.91029701958161,2.20569361582907
9.92279701958161,2.20138013740478
9.93529701958161,2.19707509446582
9.94779701958161,2.19277847051569
9.96029701958161,2.18849024909007
9.97279701958161,2.18421041375688
9.98529701958161,2.17993894811622
9.99779701958161,2.17567583580026
10.0102970195816,2.17142106047311
10.0227970195816,2.16717460583082
10.0352970195816,2.16293645560142
10.0477970195816,2.15870659354474
10.0602970195816,2.1544850034523
10.0727970195816,2.15027166914732
10.0852970195816,2.14606657448474
10.0977970195816,2.14186970335105
10.1102970195816,2.13768103966418
10.1227970195816,2.13350056737355
10.1352970195816,2.12932827046
10.1477970195816,2.1251641329357
10.1602970195816,2.12100813884404
10.1727970195816,2.11686027225958
10.1852970195816,2.11272051728814
10.1977970195816,2.10858885806657
10.2102970195816,2.10446527876271
10.2227970195816,2.10034976357534
10.2352970195816,2.09624229673425
10.2477970195816,2.09214286250002
10.2602970195816,2.08805144516396
10.2727970195816,2.08396802904809
10.2852970195816,2.07989259850521
10.2977970195816,2.07582513791866
10.3102970195816,2.07176563170225
10.3227970195816,2.06771406430032
10.3352970195816,2.06367042018768
10.3477970195816,2.05963468386948
10.3602970195816,2.0556068398811
10.3727970195816,2.0515868727882
10.3852970195816,2.04757476718668
10.3977970195816,2.04357050770254
10.4102970195816,2.03957407899179
10.4227970195816,2.03558546574045
10.4352970195816,2.03160465266459
10.4477970195816,2.02763162451009
10.4602970195816,2.02366636605267
10.4727970195816,2.01970886209777
10.4852970195816,2.01575909748066
10.4977970195816,2.01181705706622
10.5102970195816,2.00788272574889
10.5227970195816,2.00395608845263
10.5352970195816,2.00003713013099
10.5477970195816,1.9961258357669
10.5602970195816,1.99222219037259
10.5727970195816,1.98832617898964
10.5852970195816,1.98443778668894
10.5977970195816,1.98055699857054
10.6102970195816,1.97668379976358
10.6227970195816,1.9728181754263
10.6352970195816,1.96896011074603
10.6477970195816,1.96510959093904
10.6602970195816,1.96126660125045
10.6727970195816,1.95743112695426
10.6852970195816,1.95360315335334
10.6977970195816,1.94978266577924
10.7102970195816,1.94596964959219
10.7227970195816,1.94216409018104
10.7352970195816,1.93836597296327
10.7477970195816,1.93457528338487
10.7602970195816,1.93079200692022
10.7727970195816,1.92701612907215
10.7852970195816,1.92324763537188
10.7977970195816,1.91948651137889
10.8102970195816,1.91573274268089
10.8227970195816,1.91198631489375
10.8352970195816,1.90824721366154
10.8477970195816,1.9045154246564
10.8602970195816,1.90079093357842
10.8727970195816,1.89707372615567
10.8852970195816,1.89336378814419
10.8977970195816,1.88966110532786
10.9102970195816,1.88596566351832
10.9227970195816,1.88227744855493
10.9352970195816,1.87859644630485
10.9477970195816,1.87492264266284
10.9602970195816,1.87125602355117
10.9727970195816,1.86759657491969
10.9852970195816,1.86394428274577
10.9977970195816,1.86029913303416
11.0102970195816,1.85666111181697
11.0227970195816,1.85303020515361
11.0352970195816,1.84940639913083
11.0477970195816,1.84578967986253
11.0602970195816,1.84218003348977
11.0727970195816,1.83857744618069
11.0852970195816,1.83498190413053
11.0977970195816,1.83139339356154
11.1102970195816,1.82781190072285
11.1227970195816,1.82423741189047
11.1352970195816,1.82066991336734
11.1477970195816,1.81710939148314
11.1602970195816,1.81355583259426
11.1727970195816,1.81000922308376
11.1852970195816,1.80646954936141
11.1977970195816,1.80293679786351
11.2102970195816,1.79941095505285
11.2227970195816,1.79589200741871
11.2352970195816,1.79237994147685
11.2477970195816,1.78887474376937
11.2602970195816,1.78537640086464
11.2727970195816,1.78188489935731
11.2852970195816,1.77840022586831
11.2977970195816,1.77492236704472
11.3102970195816,1.77145130955966
11.3227970195816,1.76798704011234
11.3352970195816,1.76452954542803
11.3477970195816,1.76107881225796
11.3602970195816,1.75763482737921
11.3727970195816,1.7541975775947
11.3852970195816,1.75076704973328
11.3977970195816,1.74734323064947
11.4102970195816,1.74392610722349
11.4227970195816,1.74051566636122
11.4352970195816,1.73711189499421
11.4477970195816,1.73371478007952
11.4602970195816,1.7303243085997
11.4727970195816,1.72694046756276
11.4852970195816,1.72356324400215
11.4977970195816,1.7201926249767
11.5102970195816,1.71682859757047
11.5227970195816,1.71347114889279
11.5352970195816,1.71012026607828
11.5477970195816,1.70677593628666
11.5602970195816,1.70343814670275
11.5727970195816,1.70010688453642
11.5852970195816,1.69678213702263
11.5977970195816,1.69346389142126
11.6102970195816,1.69015213501707
11.6227970195816,1.6868468551197
11.6352970195816,1.68354803906365
11.6477970195816,1.68025567420818
11.6602970195816,1.67696974793722
11.6727970195816,1.67369024765939
11.6852970195816,1.67041716080799
11.6977970195816,1.66715047484085
11.7102970195816,1.66389017724031
11.7227970195816,1.66063625551319
11.7352970195816,1.65738869719079
11.7477970195816,1.6541474898288
11.7602970195816,1.65091262100717
11.7727970195816,1.64768407833017
11.7852970195816,1.64446184942634
11.7977970195816,1.64124592194843
11.8102970195816,1.63803628357327
11.8227970195816,1.63483292200179
11.8352970195816,1.63163582495905
11.8477970195816,1.62844498019408
11.8602970195816,1.62526037547983
11.8727970195816,1.62208199861317
11.8852970195816,1.61890983741489
11.8977970195816,1.61574387972957
11.9102970195816,1.61258411342553
11.9227970195816,1.60943052639481
11.9352970195816,1.6062831065532
11.9477970195816,1.60314184184008
11.9602970195816,1.6000067202184
11.9727970195816,1.59687772967463
11.9852970195816,1.59375485821881
11.9977970195816,1.59063809388439
12.0102970195816,1.5875274247282
12.0227970195816,1.58442283883041
12.0352970195816,1.58132432429458
12.0477970195816,1.5782318692475
12.0602970195816,1.57514546183914
12.0727970195816,1.57206509024265
12.0852970195816,1.56899074265436
12.0977970195816,1.56592240729368
12.1102970195816,1.56286007240299
12.1227970195816,1.5598037262477
12.1352970195816,1.55675335711619
12.1477970195816,1.55370895331976
12.1602970195816,1.5506705031925
12.1727970195816,1.54763799509133
12.1852970195816,1.54461141739599
12.1977970195816,1.54159075850893
12.2102970195816,1.53857600685523
12.2227970195816,1.53556715088264
12.2352970195816,1.53256417906152
12.2477970195816,1.52956707988477
12.2602970195816,1.52657584186776
12.2727970195816,1.52359045354833
12.2852970195816,1.52061090348678
12.2977970195816,1.51763718026575
12.3102970195816,1.51466927249019
12.3227970195816,1.51170716878732
12.3352970195816,1.50875085780669
12.3477970195816,1.50580032821998
12.3602970195816,1.50285556872102
12.3727970195816,1.49991656802574
12.3852970195816,1.49698331487219
12.3977970195816,1.49405579802042
12.4102970195816,1.49113400625245
12.4227970195816,1.48821792837222
12.4352970195816,1.48530755320561
12.4477970195816,1.48240286960035
12.4602970195816,1.47950386642593
12.4727970195816,1.47661053257363
12.4852970195816,1.47372285695649
12.4977970195817,1.47084082850921
12.5102970195816,1.4679644361881
12.5227970195816,1.46509366897107
12.5352970195816,1.46222851585765
12.5477970195817,1.45936896586883
12.5602970195817,1.45651500804707
12.5727970195816,1.45366663145624
12.5852970195817,1.45082382518166
12.5977970195817,1.44798657832997
12.6102970195817,1.44515488002908
12.6227970195817,1.44232871942815
12.6352970195817,1.43950808569765
12.6477970195817,1.43669296802916
12.6602970195817,1.4338833556354
12.6727970195817,1.43107923775017
12.6852970195817,1.42828060362838
12.6977970195817,1.42548744254594
12.7102970195817,1.42269974379969
12.7227970195817,1.41991749670739
12.7352970195817,1.41714069060779
12.7477970195817,1.4143693148604
12.7602970195817,1.41160335884557
12.7727970195817,1.40884281196438
12.7852970195817,1.4060876636387
12.7977970195817,1.40333790331108
12.8102970195817,1.40059352044465
12.8227970195817,1.39785450452318
12.8352970195817,1.39512084505104
12.8477970195817,1.39239253155312
12.8602970195817,1.38966955357474
12.8727970195817,1.38695190068169
12.8852970195817,1.38423956246021
12.8977970195817,1.38153252851686
12.9102970195817,1.37883078847854
12.9227970195817,1.37613433199239
12.9352970195817,1.37344314872589
12.9477970195817,1.37075722836667
12.9602970195817,1.36807656062251
12.9727970195817,1.36540113522132
12.9852970195817,1.36273094191115
12.9977970195817,1.36006597046008
13.0102970195817,1.35740621065617
13.0227970195817,1.35475165230742
13.0352970195817,1.35210228524187
13.0477970195817,1.34945809930738
13.0602970195817,1.34681908437166
13.0727970195817,1.34418523032222
13.0852970195817,1.34155652706642
13.0977970195817,1.33893296453132
13.1102970195817,1.33631453266364
13.1227970195817,1.33370122142977
13.1352970195817,1.33109302081578
13.1477970195817,1.3284899208273
13.1602970195817,1.32589191148947
13.1727970195817,1.32329898284693
13.1852970195817,1.32071112496385
13.1977970195817,1.31812832792381
13.2102970195817,1.31555058182975
13.2227970195817,1.31297787680396
13.2352970195817,1.31041020298811
13.2477970195817,1.30784755054312
13.2602970195817,1.30528990964912
13.2727970195817,1.30273727050545
13.2852970195817,1.30018962333065
13.2977970195817,1.2976469583624
13.3102970195817,1.29510926585741
13.3227970195817,1.29257653609146
13.3352970195817,1.29004875935939
13.3477970195817,1.28752592597501
13.3602970195817,1.28500802627103
13.3727970195817,1.28249505059908
13.3852970195817,1.27998698932969
13.3977970195817,1.27748383285221
13.4102970195817,1.27498557157476
13.4227970195817,1.27249219592422
13.4352970195817,1.27000369634622
13.4477970195817,1.26752006330508
13.4602970195817,1.26504128728372
13.4727970195817,1.26256735878369
13.4852970195817,1.26009826832515
13.4977970195817,1.25763400644678
13.5102970195817,1.25517456370573
13.5227970195817,1.25271993067764
13.5352970195817,1.2502700979566
13.5477970195817,1.2478250561551
13.5602970195817,1.24538479590393
13.5727970195817,1.24294930785222
13.5852970195817,1.24051858266745
13.5977970195817,1.2380926110353
13.6102970195817,1.23567138365965
13.6227970195817,1.23325489126258
13.6352970195817,1.23084312458432
13.6477970195817,1.22843607438323
13.6602970195817,1.22603373143569
13.6727970195817,1.22363608653612
13.6852970195817,1.221243130497
13.6977970195817,1.21885485414875
13.7102970195817,1.21647124833971
13.7227970195817,1.21409230393608
13.7352970195817,1.21171801182202
13.7477970195817,1.20934836289945
13.7602970195817,1.20698334808808
13.7727970195817,1.20462295832538
13.7852970195817,1.20226718456658
13.7977970195817,1.19991601778457
13.8102970195817,1.1975694489699
13.8227970195817,1.1952274691307
13.8352970195817,1.19289006929275
13.8477970195817,1.19055724049937
13.8602970195817,1.18822897381134
13.8727970195817,1.18590526030694
13.8852970195817,1.18358609108196
13.8977970195817,1.18127145724955
13.9102970195817,1.17896134994024
13.9227970195817,1.17665576030188
13.9352970195817,1.17435467949971
13.9477970195817,1.17205809871619
13.9602970195817,1.16976600915103
13.9727970195817,1.16747840202113
13.9852970195817,1.16519526856062
13.9977970195817,1.16291660002076
14.0102970195817,1.16064238766987
14.0227970195817,1.15837262279337
14.0352970195817,1.15610729669375
14.0477970195817,1.15384640069051
14.0602970195817,1.15158992612008
14.0727970195817,1.14933786433584
14.0852970195817,1.14709020670812
14.0977970195817,1.14484694462412
14.1102970195817,1.14260806948785
14.1227970195817,1.14037357272013
14.1352970195817,1.1381434457586
14.1477970195817,1.13591768005762
14.1602970195817,1.13369626708825
14.1727970195817,1.13147919833822
14.1852970195817,1.12926646531196
14.1977970195817,1.12705805953049
14.2102970195817,1.12485397253138
14.2227970195817,1.12265419586876
14.2352970195817,1.12045872111331
14.2477970195817,1.11826753985219
14.2602970195817,1.11608064368897
14.2727970195817,1.11389802424365
14.2852970195817,1.11171967315267
14.2977970195817,1.10954558206878
14.3102970195817,1.10737574266106
14.3227970195817,1.10521014661487
14.3352970195817,1.10304878563186
14.3477970195817,1.10089165142992
14.3602970195817,1.09873873574308
14.3727970195817,1.09659003032155
14.3852970195817,1.09444552693172
14.3977970195817,1.09230521735606
14.4102970195817,1.09016909339308
14.4227970195817,1.08803714685733
14.4352970195817,1.08590936957943
14.4477970195817,1.08378575340592
14.4602970195817,1.0816662901993
14.4702227646863,1.07998626282521
14.4801485097908,1.07830884484369
14.4900742548954,1.07663403220188
14.5,1.07496182085318
