0,0
1.5,0
1.5,0
1.5025,0.0453765189075801
1.505,0.0900623530784254
1.5075,0.134067695255534
1.51,0.177402589862559
1.52104228892841,0.361040265127921
1.53208457785682,0.53260531100986
1.54312686678523,0.692863746487488
1.55416915571365,0.842536747824065
1.56516667107204,0.981752130896029
1.57616418643044,1.11175724596183
1.58716170178884,1.23313440083363
1.59815921714724,1.34643193235334
1.61017269621942,1.4615668398645
1.62218617529161,1.56829282606861
1.63419965436379,1.66718889879055
1.64621313343597,1.75879768269596
1.65871313343597,1.84692384205073
1.67121313343597,1.92823095456235
1.68371313343597,2.00320704945732
1.69621313343597,2.07230847041199
1.70871313343597,2.13595891068499
1.72121313343597,2.19454717767144
1.73371313343597,2.24843586539795
1.74621313343597,2.29796402563535
1.75871313343597,2.3434464510046
1.77121313343597,2.38517201404648
1.78371313343597,2.4234101108624
1.79621313343597,2.45841264574411
1.80871313343597,2.49041349852323
1.82121313343597,2.51962729050443
1.83371313343597,2.54625417207345
1.84621313343597,2.57048129727171
1.85871313343597,2.59248242803838
1.87121313343597,2.612417017302
1.88371313343597,2.63043376616051
1.89621313343597,2.64667171948621
1.90871313343597,2.6612599718787
1.92121313343597,2.67431698640433
1.93371313343597,2.68595323757148
1.94621313343597,2.6962720253621
1.95965985007698,2.70601110650006
1.97310656671799,2.71444576154313
1.98655328335899,2.72167726016958
2,2.72779989619427
2,2.72779989619427
2.0025,2.77419959881672
2.005,2.81987382724754
2.0075,2.86483329652541
2.01,2.90908856576533
2.0225,3.12016397611331
2.035,3.31512943655344
2.0475,3.49513742235833
2.06,3.66126558480492
2.0725,3.81451447268449
2.085,3.95580225340123
2.0975,4.08598519266678
2.11,4.20586396220895
2.1225,4.31618194685976
2.135,4.41762132234546
2.1475,4.51081827164552
2.16,4.59636767160348
2.1725,4.67482183509783
2.185,4.74668759685029
2.1975,4.81243761914026
2.21,4.87251387394427
2.2225,4.92732670837217
2.235,4.97725267943042
2.2475,5.02264295413788
2.26,5.06382589674618
2.2725,5.10110637436118
2.285,5.13476414817789
2.2975,5.16506011474405
2.31,5.19223822825797
2.3225,5.2165249846471
2.335,5.23812822625978
2.3475,5.25724177910743
2.36,5.27404688112659
2.3725,5.2887117988507
2.385,5.30139093929922
2.3975,5.31222829543606
2.41,5.32135850736443
2.4225,5.32890657751492
2.435,5.3349872107815
2.4475,5.33970737448779
2.46,5.34316708685188
2.4725,5.34545920537182
2.485,5.34666893654843
2.4975,5.34687573793319
2.51,5.34615390395544
2.5225,5.34457240869329
2.535,5.34219454159901
2.5475,5.3390793207153
2.56,5.33528192794325
2.5725,5.33085359222147
2.585,5.32584131887112
2.5975,5.32028893961153
2.61,5.31423743596299
2.6225,5.30772485244922
2.635,5.30078609550139
2.6475,5.29345371361672
2.66,5.28575813764573
2.6725,5.27772761630193
2.685,5.26938806674803
2.6975,5.26076365425142
2.71,5.25187697071691
2.7225,5.24274898677047
2.735,5.23339894074531
2.7475,5.22384476936405
2.76,5.2141032403879
2.7725,5.20418991701506
2.785,5.19411907539766
2.7975,5.18390402463718
2.81,5.17355720534233
2.8225,5.16309016317717
2.835,5.15251348757638
2.8475,5.14183704950075
2.86,5.13107007466533
2.8725,5.12022112388569
2.885,5.10929804754359
2.8975,5.09830816223838
2.91,5.08725830519522
2.9225,5.07615481966233
2.935,5.06500352107921
2.9475,5.05380982832783
2.96,5.04257880415765
2.9725,5.03131514433589
2.985,5.02002315251053
2.9975,5.00870683772937
3.01,4.99736994447562
3.0225,4.98601594460647
3.035,4.97464801867649
3.0475,4.96326912839371
3.06,4.95188203893586
3.0725,4.94048931296075
3.085,4.92909329672963
3.0975,4.91769617394157
3.11,4.90629998231427
3.1225,4.89490660913377
3.135,4.88351778094416
3.1475,4.87213510354613
3.16,4.86076007431631
3.1725,4.84939407890073
3.185,4.83803838355434
3.1975,4.82669416485951
3.21,4.81536251887921
3.2225,4.80404445870019
3.235,4.79274090874132
3.2475,4.78145272683409
3.26,4.77018071102326
3.2725,4.75892559774144
3.285,4.74768805758027
3.2975,4.73646871169583
3.31,4.72526813686145
3.3225,4.7140868641114
3.335,4.7029253755989
3.3475,4.69178411678505
3.36,4.68066350019292
3.3725,4.66956390439983
3.385,4.65848567170282
3.3975,4.64742911717484
3.41,4.63639453145382
3.4225,4.62538217999394
3.435,4.61439230133118
3.4475,4.60342511381166
3.46,4.59248081766391
3.4725,4.5815595944425
3.485,4.57066160573938
3.4975,4.55978699818276
3.51,4.54893590497671
3.5225,4.53810844548774
3.535,4.52730472428734
3.5475,4.51652483486596
3.56,4.5057688607767
3.5725,4.49503687532821
3.585,4.48432894087334
3.5975,4.47364511156827
3.61,4.46298543422225
3.6225,4.45234994806938
3.635,4.44173868424009
3.6475,4.43115166781094
3.66,4.42058891843585
3.6725,4.41005045017652
3.685,4.39953627110979
3.6975,4.38904638485035
3.71,4.37858079101967
3.7225,4.36813948511996
3.735,4.35772245824249
3.7475,4.34732969819869
3.76,4.33696118986848
3.7725,4.3266169151066
3.785,4.3162968525259
3.7975,4.30600097833754
3.81,4.29572926660966
3.8225,4.28548168919777
3.835,4.27525821558379
3.8475,4.26505881350004
3.86,4.25488344912135
3.8725,4.24473208701331
3.885,4.23460469001273
3.8975,4.22450121969099
3.91,4.21442163649669
3.9225,4.20436589971719
3.935,4.19433396738981
3.9475,4.18432579664586
3.96,4.17434134381654
3.9725,4.16438056440433
3.985,4.15444341301706
3.9975,4.14452984362327
4.01,4.13463980963079
4.0225,4.1247732638655
4.035,4.11493015852231
4.0475,4.10511044535474
4.06,4.09531407573313
4.0725,4.08554100062888
4.085,4.07579117057808
4.0975,4.06606453582206
4.11,4.05636104635062
4.1225,4.04668065189026
4.135,4.03702330187719
4.1475,4.02738894556155
4.16,4.01777753203941
4.1725,4.00818901024403
4.185,3.99862332892581
4.1975,3.9890804367295
4.21,3.9795602822179
4.2225,3.97006281386534
4.235,3.9605879800428
4.2475,3.95113572907508
4.26,3.94170600925827
4.2725,3.93229876885492
4.285,3.92291395608303
4.2975,3.91355151915824
4.31,3.90421140630678
4.3225,3.89489356576184
4.335,3.8855979457554
4.3475,3.8763244945494
4.36,3.86707316044522
4.3725,3.857843891781
4.385,3.84863663692558
4.3975,3.83945134430144
4.41,3.83028796239166
4.4225,3.82114643973792
4.435,3.81202672493601
4.4475,3.80292876665265
4.46,3.79385251363059
4.4725,3.7847979146871
4.485,3.77576491871064
4.4975,3.7667534746732
4.51,3.75776353163393
4.5225,3.74879503873803
4.535,3.73984794521434
4.5475,3.73092220038421
4.56,3.7220177536642
4.5725,3.71313455456518
4.585,3.70427255269058
4.5975,3.69543169774279
4.61,3.68661193952504
4.6225,3.67781322794073
4.635,3.6690355129922
4.6475,3.66027874478519
4.66,3.65154287353022
4.6725,3.64282784954208
4.685,3.63413362323885
4.6975,3.62546014514513
4.71,3.61680736589289
4.7225,3.60817523622112
4.735,3.5995637069751
4.7475,3.59097272910862
4.76,3.58240225368452
4.7725,3.57385223187437
4.785,3.56532261495805
4.7975,3.55681335432509
4.81,3.54832440147504
4.8225,3.53985570801723
4.835,3.53140722567045
4.8475,3.52297890626376
4.86,3.51457070173668
4.8725,3.50618256413899
4.885,3.49781444563053
4.8975,3.48946629848158
4.91,3.48113807507296
4.9225,3.4728297278958
4.935,3.46454120955148
4.9475,3.4562724727517
4.96,3.44802347031841
4.9725,3.43979415518375
4.985,3.4315844803899
4.9975,3.423394399089
5.01,3.41522386454302
5.0225,3.40707283012368
5.035,3.39894124931237
5.0475,3.3908290756999
5.06,3.38273626298634
5.0725,3.37466276498089
5.085,3.36660853560191
5.0975,3.35857352887649
5.11,3.35055769894029
5.1225,3.3425610000374
5.135,3.3345833865204
5.1475,3.32662481284989
5.15999999999999,3.31868523359417
5.17249999999999,3.31076460342928
5.185,3.30286287713895
5.1975,3.29498000961409
5.21,3.28711595585254
5.22249999999999,3.27927067095897
5.23499999999999,3.27144411014498
5.2475,3.26363622872846
5.25999999999999,3.25584698213332
5.27249999999999,3.24807632588948
5.28499999999999,3.2403242156329
5.29749999999999,3.23259060710491
5.31,3.22487545615201
5.32249999999999,3.21717871872577
5.33499999999999,3.20950035088287
5.34749999999999,3.20184030878454
5.35999999999999,3.19419854869615
5.37249999999999,3.18657502698728
5.38499999999999,3.1789697001317
5.39749999999999,3.17138252470677
5.40999999999999,3.1638134573931
5.42249999999999,3.15626245497452
5.43499999999999,3.14872947433819
5.44749999999999,3.14121447247385
5.45999999999999,3.1337174064736
5.47249999999999,3.12623823353181
5.48499999999999,3.11877691094521
5.49749999999999,3.11133339611224
5.50999999999999,3.10390764653268
5.52249999999999,3.09649961980769
5.53499999999999,3.08910927363984
5.54749999999999,3.08173656583245
5.55999999999999,3.07438145428927
5.57249999999999,3.06704389701445
5.58499999999999,3.05972385211266
5.59749999999999,3.05242127778833
5.60999999999999,3.0451361323454
5.62249999999999,3.03786837418732
5.63499999999999,3.03061796181704
5.64749999999999,3.02338485383639
5.65999999999999,3.01616900894577
5.67249999999999,3.00897038594414
5.68499999999999,3.00178894372904
5.69749999999999,2.99462464129596
5.70999999999999,2.98747743773803
5.72249999999999,2.98034729224601
5.73499999999999,2.9732341641083
5.74749999999999,2.96613801271036
5.75999999999999,2.95905879753434
5.77249999999999,2.9519964781591
5.78499999999999,2.94495101426024
5.79749999999999,2.93792236560948
5.80999999999999,2.93091049207433
5.82249999999999,2.92391535361807
5.83499999999999,2.91693691029986
5.84749999999999,2.909975122274
5.85999999999999,2.90302994978971
5.87249999999999,2.89610135319111
5.88499999999999,2.8891892929172
5.89749999999999,2.88229372950131
5.90999999999999,2.87541462357074
5.92249999999999,2.86855193584679
5.93499999999999,2.86170562714476
5.94749999999999,2.85487565837338
5.95999999999999,2.84806199053446
5.97249999999999,2.84126458472289
5.98499999999999,2.83448340212672
5.99749999999999,2.8277184040265
6.00999999999999,2.82096955179498
6.02249999999999,2.81423680689714
6.03499999999999,2.8075201308902
6.04749999999999,2.80081948542301
6.05999999999999,2.79413483223576
6.07249999999999,2.78746613315998
6.08499999999999,2.78081335011855
6.09749999999999,2.77417644512514
6.10999999999999,2.76755538028387
6.12249999999999,2.76095011778934
6.13499999999999,2.75436061992664
6.14749999999999,2.74778684907076
6.15999999999999,2.74122876768632
6.17249999999999,2.73468633832752
6.18499999999999,2.72815952363822
6.19749999999999,2.72164828635132
6.20999999999999,2.71515258928847
6.22249999999999,2.70867239536008
6.23499999999999,2.70220766756537
6.24749999999999,2.69575836899171
6.25999999999999,2.68932446281445
6.27249999999999,2.68290591229678
6.28499999999999,2.67650268078989
6.29749999999999,2.6701147317323
6.30999999999999,2.66374202864964
6.32249999999999,2.65738453515456
6.33499999999999,2.65104221494688
6.34749999999999,2.6447150318129
6.35999999999999,2.63840294962521
6.37249999999999,2.63210593234261
6.38499999999999,2.62582394401022
6.39749999999999,2.61955694875882
6.40999999999999,2.61330491080466
6.42249999999999,2.6070677944494
6.43499999999999,2.60084556408016
6.44749999999999,2.59463818416895
6.45999999999999,2.58844561927239
6.47249999999999,2.58226783403174
6.48499999999999,2.57610479317288
6.49749999999999,2.56995646150578
6.50999999999999,2.56382280392424
6.52249999999999,2.55770378540585
6.53499999999999,2.55159937101203
6.54749999999999,2.54550952588752
6.55999999999999,2.53943421526006
6.57249999999999,2.53337340444038
6.58499999999999,2.52732705882228
6.59749999999999,2.52129514388204
6.60999999999999,2.51527762517819
6.62249999999999,2.50927446835143
6.63499999999999,2.50328563912478
6.64749999999999,2.4973111033029
6.65999999999999,2.49135082677195
6.67249999999999,2.4854047754995
6.68499999999999,2.4794729155346
6.69749999999999,2.47355521300723
6.70999999999999,2.46765163412804
6.72249999999999,2.46176214518833
6.73499999999999,2.45588671256012
6.74749999999999,2.45002530269558
6.75999999999999,2.44417788212678
6.77249999999999,2.43834441746569
6.78499999999999,2.43252487540422
6.79749999999999,2.42671922271364
6.80999999999999,2.42092742624442
6.82249999999999,2.41514945292611
6.83499999999999,2.40938526976746
6.84749999999999,2.40363484385587
6.85999999999999,2.39789814235711
6.87249999999999,2.39217513251534
6.88499999999999,2.38646578165313
6.89749999999999,2.38077005717096
6.90999999999999,2.37508792654695
6.92249999999999,2.36941935733684
6.93499999999999,2.36376431717406
6.94749999999999,2.35812277376918
6.95999999999999,2.3524946949097
6.97249999999999,2.34688004845999
6.98499999999999,2.34127880236136
6.99749999999999,2.33569092463155
7.00999999999999,2.33011638336447
7.02249999999999,2.32455514673018
7.03499999999999,2.31900718297497
7.04749999999999,2.3134724604208
7.05999999999999,2.30795094746509
7.07249999999999,2.30244261258069
7.08499999999999,2.29694742431595
7.09749999999999,2.29146535129416
7.10999999999999,2.28599636221337
7.12249999999999,2.28054042584634
7.13499999999999,2.27509751104059
7.14749999999999,2.2696675867179
7.15999999999999,2.26425062187408
7.17249999999999,2.25884658557894
7.18499999999999,2.25345544697634
7.19749999999999,2.2480771752837
7.20999999999999,2.24271173979174
7.22249999999999,2.23735910986452
7.23499999999999,2.23201925493941
7.24749999999999,2.22669214452665
7.25999999999999,2.22137774820909
7.27249999999999,2.21607603564221
7.28499999999999,2.21078697655413
7.29749999999999,2.2055105407451
7.30999999999999,2.20024669808734
7.32249999999999,2.19499541852496
7.33499999999999,2.18975667207405
7.34749999999999,2.18453042882215
7.35999999999999,2.17931665892807
7.37249999999999,2.17411533262183
7.38499999999999,2.16892642020474
7.39749999999999,2.16374989204889
7.40999999999999,2.15858571859695
7.42249999999999,2.15343387036213
7.43499999999999,2.14829431792825
7.44749999999999,2.14316703194924
7.45999999999999,2.13805198314894
7.47249999999999,2.13294914232106
7.48499999999999,2.12785848032924
7.49749999999999,2.12277996810656
7.50999999999999,2.11771357665536
7.52249999999999,2.11265927704717
7.53499999999999,2.10761704042279
7.54749999999999,2.10258683799183
7.55999999999999,2.09756864103243
7.57249999999999,2.09256242089134
7.58499999999999,2.08756814898387
7.59749999999999,2.08258579679349
7.60999999999999,2.07761533587159
7.62249999999999,2.07265673783745
7.63499999999999,2.06770997437833
7.64749999999999,2.06277501724894
7.65999999999999,2.05785183827129
7.67249999999999,2.05294040933466
7.68499999999999,2.04804070239561
7.69749999999999,2.04315268947754
7.70999999999999,2.03827634267053
7.72249999999999,2.03341163413123
7.73499999999999,2.02855853608298
7.74749999999999,2.02371702081533
7.75999999999999,2.01888706068383
7.77249999999999,2.01406862811
7.78499999999999,2.00926169558141
7.79749999999999,2.00446623565121
7.80999999999999,1.9996822209379
7.82249999999999,1.99490962412537
7.83499999999999,1.9901484179629
7.84749999999999,1.98539857526471
7.85999999999999,1.9806600689098
7.87249999999999,1.97593287184189
7.88499999999999,1.97121695706947
7.89749999999999,1.96651229766539
7.90999999999999,1.96181886676663
7.92249999999999,1.95713663757429
7.93499999999999,1.95246558335362
7.94749999999999,1.94780567743362
7.95999999999999,1.94315689320679
7.97249999999999,1.93851920412917
7.98499999999999,1.93389258372033
7.99749999999999,1.92927700556296
8.00999999999999,1.9246724433027
8.02249999999999,1.92007887064806
8.03499999999999,1.91549626137052
8.04749999999999,1.91092458930408
8.05999999999998,1.90636382834506
8.07249999999999,1.90181395245207
8.08499999999998,1.8972749356461
8.09749999999999,1.89274675201005
8.10999999999999,1.88822937568855
8.12249999999998,1.88372278088795
8.13499999999999,1.87922694187635
8.14749999999998,1.8747418329832
8.15999999999999,1.87026742859907
8.17249999999999,1.86580370317567
8.18499999999998,1.8613506312259
8.19749999999998,1.85690818732338
8.20999999999998,1.8524763461023
8.22249999999999,1.84805508225742
8.23499999999999,1.84364437054405
8.24749999999998,1.83924418577771
8.25999999999998,1.83485450283388
8.27249999999998,1.83047529664802
8.28499999999998,1.82610654221561
8.29749999999999,1.82174821459172
8.30999999999998,1.81740028889084
8.32249999999998,1.81306274028685
8.33499999999998,1.80873554401309
8.34749999999998,1.80441867536192
8.35999999999999,1.80011210968455
8.37249999999998,1.79581582239104
8.38499999999998,1.79152978895031
8.39749999999998,1.78725398488976
8.40999999999998,1.78298838579507
8.42249999999999,1.77873296731021
8.43499999999998,1.77448770513746
8.44749999999998,1.77025257503702
8.45999999999998,1.76602755282681
8.47249999999998,1.76181261438249
8.48499999999998,1.75760773563747
8.49749999999998,1.75341289258253
8.50999999999998,1.74922806126563
8.52249999999998,1.74505321779192
8.53499999999998,1.74088833832374
8.54749999999998,1.73673339908026
8.55999999999998,1.73258837633729
8.57249999999998,1.72845324642727
8.58499999999998,1.72432798573931
8.59749999999998,1.72021257071879
8.60999999999998,1.71610697786721
8.62249999999998,1.71201118374214
8.63499999999998,1.70792516495729
8.64749999999998,1.70384889818211
8.65999999999998,1.69978236014162
8.67249999999998,1.6957255276164
8.68499999999998,1.69167837744262
8.69749999999998,1.68764088651167
8.70999999999998,1.68361303176997
8.72249999999998,1.67959479021897
8.73499999999998,1.6755861389152
8.74749999999998,1.67158705496987
8.75999999999998,1.66759751554869
8.77249999999998,1.66361749787191
8.78499999999998,1.65964697921428
8.79749999999998,1.65568593690476
8.80999999999998,1.65173434832627
8.82249999999998,1.64779219091574
8.83499999999998,1.64385944216413
8.84749999999998,1.63993607961602
8.85999999999998,1.63602208086951
8.87249999999998,1.63211742357615
8.88499999999998,1.62822208544101
8.89749999999998,1.6243360442223
8.90999999999998,1.6204592777312
8.92249999999998,1.61659176383187
8.93499999999998,1.61273348044144
8.94749999999998,1.60888440552972
8.95999999999998,1.60504451711894
8.97249999999998,1.60121379328385
8.98499999999998,1.59739221215164
8.99749999999998,1.59357975190167
9.00999999999998,1.58977639076525
9.02249999999998,1.58598210702569
9.03499999999998,1.58219687901826
9.04749999999998,1.57842068512987
9.05999999999998,1.57465350379893
9.07249999999998,1.5708953135153
9.08499999999998,1.56714609282036
9.09749999999998,1.56340582030662
9.10999999999998,1.55967447461758
9.12249999999998,1.55595203444774
9.13499999999998,1.55223847854258
9.14749999999998,1.54853378569827
9.15999999999998,1.54483793476146
9.17249999999998,1.54115090462931
9.18499999999998,1.53747267424951
9.19749999999998,1.53380322261991
9.20999999999998,1.53014252878839
9.22249999999998,1.52649057185286
9.23499999999998,1.52284733096126
9.24749999999998,1.51921278531123
9.25999999999998,1.51558691414997
9.27249999999998,1.51196969677421
9.28499999999998,1.50836111253024
9.29749999999998,1.5047611408136
9.30999999999998,1.5011697610689
9.32249999999998,1.4975869527898
9.33499999999998,1.49401269551908
9.34749999999998,1.49044696884826
9.35999999999998,1.4868897524175
9.37249999999998,1.48334102591552
9.38499999999998,1.47980076907971
9.39749999999998,1.47626896169573
9.40999999999998,1.47274558359739
9.42249999999998,1.46923061466666
9.43499999999998,1.46572403483364
9.44749999999998,1.46222582407631
9.45999999999998,1.4587359624203
9.47249999999998,1.45525442993895
9.48499999999998,1.4517812067533
9.49749999999998,1.44831627303177
9.50999999999998,1.44485960899
9.52249999999998,1.4414111948909
9.53499999999998,1.43797101104458
9.54749999999998,1.43453903780813
9.55999999999998,1.4311152555854
9.57249999999998,1.42769964482703
9.58499999999998,1.42429218603044
9.59749999999998,1.42089285973958
9.60999999999998,1.41750164654471
9.62249999999998,1.41411852708241
9.63499999999998,1.41074348203567
9.64749999999998,1.40737649213347
9.65999999999998,1.40401753815072
9.67249999999998,1.40066660090821
9.68499999999998,1.39732366127267
9.69749999999998,1.39398870015641
9.70999999999998,1.39066169851721
9.72249999999998,1.38734263735831
9.73499999999998,1.38403149772844
9.74749999999998,1.38072826072149
9.75999999999998,1.37743290747638
9.77249999999998,1.37414541917706
9.78499999999998,1.37086577705252
9.79749999999999,1.36759396237652
9.80999999999998,1.36432995646738
9.82249999999998,1.36107374068804
9.83499999999998,1.35782529644607
9.84749999999999,1.35458460519333
9.85999999999999,1.35135164842589
9.87249999999998,1.34812640768396
9.88499999999999,1.34490886455196
9.89749999999999,1.34169900065822
9.90999999999999,1.33849679767479
9.92249999999999,1.33530223731751
9.93499999999999,1.33211530134598
9.94749999999999,1.32893597156327
9.95999999999999,1.32576422981581
9.97249999999999,1.32260005799334
9.98499999999999,1.31944343802898
9.99749999999999,1.31629435189891
10.01,1.31315278162223
10.0225,1.31001870926098
10.035,1.30689211692012
10.0475,1.30377298674729
10.06,1.30066130093265
10.0725,1.29755704170885
10.085,1.29446019135111
10.0975,1.29137073217686
10.11,1.28828864654569
10.1225,1.28521391685927
10.135,1.28214652556142
10.1475,1.27908645513779
10.16,1.27603368811576
10.1725,1.27298820706441
10.185,1.26994999459457
10.1975,1.26691903335849
10.21,1.26389530604977
10.2225,1.2608787954033
10.235,1.25786948419531
10.2475,1.25486735524309
10.26,1.25187239140486
10.2725,1.24888457557975
10.285,1.24590389070783
10.2975,1.24293031976985
10.31,1.23996384578709
10.3225,1.23700445182134
10.335,1.23405212097497
10.3475,1.23110683639062
10.36,1.22816858125108
10.3725,1.22523733877928
10.385,1.22231309223831
10.3975,1.21939582493118
10.41,1.21648552020064
10.4225,1.21358216142923
10.435,1.21068573203925
10.4475,1.20779621549254
10.46,1.2049135952903
10.4725,1.20203785497314
10.485,1.19916897812107
10.4975,1.19630694835324
10.51,1.1934517493278
10.5225,1.19060336474193
10.535,1.18776177833185
10.5475,1.1849269738725
10.56,1.18209893517753
10.5725,1.17927764609917
10.585,1.17646309052834
10.5975,1.17365525239436
10.61,1.17085411566483
10.6225,1.16805966434559
10.635,1.1652718824808
10.6475,1.16249075415266
10.66,1.15971626348126
10.6725,1.15694839462461
10.685,1.15418713177865
10.6975,1.15143245917698
10.71,1.14868436109076
10.7225,1.14594282182871
10.735,1.14320782573708
10.7475,1.14047935719947
10.76,1.13775740063666
10.7725,1.13504194050662
10.785,1.13233296130453
10.7975,1.12963044756252
10.81,1.12693438384959
10.8225,1.12424475477154
10.835,1.12156154497105
10.8475,1.1188847391274
10.86,1.11621432195634
10.8725,1.11355027821015
10.885,1.11089259267757
10.8975,1.10824125018363
10.91,1.10559623558948
10.9225,1.10295753379243
10.935,1.10032512972594
10.9475,1.09769900835936
10.96,1.09507915469789
10.9725,1.09246555378248
10.985,1.08985819068991
10.9975,1.08725705053253
11.01,1.08466211845815
11.0225,1.08207337965005
11.035,1.07949081932695
11.0475,1.07691442274282
11.06,1.07434417518677
11.0725,1.071780061983
11.085,1.06922206849085
11.0975,1.06667018010458
11.11,1.06412438225321
11.1225,1.06158466040056
11.135,1.05905100004524
11.1475,1.05652338672044
11.16,1.0540018059938
11.1725,1.05148624346741
11.185,1.04897668477783
11.1975,1.04647311559585
11.21,1.04397552162643
11.2225,1.04148388860859
11.235,1.03899820231554
11.2475,1.03651844855438
11.26,1.03404461316604
11.2725,1.03157668202521
11.285,1.02911464104044
11.2975,1.02665847615383
11.31,1.02420817334099
11.3225,1.021763718611
11.335,1.01932509800643
11.3475,1.01689229760313
11.36,1.01446530351011
11.3725,1.01204410186954
11.385,1.00962867885677
11.3975,1.00721902068009
11.41,1.00481511358066
11.4225,1.00241694383246
11.435,1.00002449774236
11.4475,0.997637761649849
11.46,0.995256721926957
11.4725,0.992881364978247
11.485,0.990511677240833
11.4975,0.988147645184155
11.51,0.985789255309884
11.5225,0.983436494151909
11.535,0.981089348276361
11.5475,0.978747804281391
11.56,0.976411848797074
11.5725,0.974081468485397
11.585,0.971756650040283
11.5975,0.969437380187367
11.61,0.967123645683909
11.6225,0.964815433318773
11.635,0.962512729912456
11.6475,0.960215522316871
11.66,0.957923797415247
11.6725,0.95563754212212
11.685,0.953356743383362
11.6975,0.951081388175954
11.71,0.948811463507901
11.7225,0.946546956418217
11.735,0.94428785397695
11.7475,0.942034143284966
11.76,0.939785811473856
11.7725,0.937542845705927
11.785,0.935305233174224
11.7975,0.933072961102317
11.81,0.93084601674421
11.8225,0.928624387384328
11.835,0.926408060337545
11.8475,0.924197022948967
11.86,0.921991262593845
11.8725,0.919790766677563
11.885,0.917595522635663
11.8975,0.915405517933631
11.91,0.913220740066813
11.9225,0.911041176560401
11.935,0.908866814969455
11.9475,0.906697642878699
11.96,0.90453364790243
11.9725,0.902374817684507
11.985,0.900221139898375
11.9975,0.898072602246858
12.01,0.895929192462073
12.0225,0.89379089830542
12.035,0.891657707567599
12.0475,0.889529608068413
12.06,0.887406587656679
12.0725,0.885288634210216
12.085,0.883175735635867
12.0975,0.8810678798693
12.11,0.878965054874922
12.1225,0.876867248645864
12.135,0.874774449204008
12.1475,0.872686644599784
12.16,0.870603822912087
12.1725,0.868525972248267
12.185,0.866453080744147
12.1975,0.86438513656383
12.21,0.86232212789961
12.2225,0.860264042971968
12.235,0.858210870029586
12.2475,0.856162597349156
12.26,0.854119213235295
12.2725,0.852080706020537
12.285,0.850047064065349
12.2975,0.848018275757943
12.31,0.845994329514189
12.3225,0.843975213777608
12.335,0.841960917019391
12.3475,0.839951427738206
12.36,0.83794673446012
12.3725,0.835946825738584
12.385,0.833951690154459
12.3975,0.831961316315821
12.41,0.829975692857882
12.4225,0.827994808442981
12.435,0.826018651760604
12.4475,0.824047211527193
12.46,0.82208047648607
12.4725,0.820118435407423
12.485,0.81816107708833
12.4975,0.816208390352571
12.51,0.814260364050546
12.5225,0.812316987059269
12.535,0.810378248282387
12.5475,0.808444136649992
12.56,0.806514641118549
12.5725,0.804589750670878
12.585,0.802669454316182
12.5975,0.800753741089857
12.61,0.798842600053418
12.6225,0.796936020294491
12.635,0.795033990926827
12.6475,0.793136501090124
12.66,0.791243539949952
12.6725,0.78935509669774
12.685,0.787471160550796
12.6975,0.785591720752128
12.71,0.783716766570369
12.7225,0.781846287299766
12.735,0.779980272260197
12.7475,0.778118710796999
12.76,0.776261592280886
12.7725,0.774408906107945
12.785,0.77256064169965
12.7975,0.770716788502691
12.81,0.768877335988895
12.8225,0.767042273655219
12.835,0.765211591023766
12.8475,0.763385277641615
12.86,0.761563323080743
12.8725,0.759745716938019
12.885,0.757932448835217
12.8975,0.756123508418852
12.91,0.754318885360097
12.9225,0.752518569354782
12.935,0.750722550123405
12.9475,0.748930817410968
12.96,0.747143360986901
12.9725,0.74536017064505
12.985,0.7435812362037
12.9975,0.741806547505403
13.01,0.740036094416909
13.0225,0.738269866829151
13.035,0.736507854657268
13.0475,0.734750047840436
13.06,0.732996436341798
13.0725,0.731247010148451
13.085,0.729501759271467
13.0975,0.727760673745727
13.11,0.726023743629848
13.1225,0.724290959006178
13.135,0.722562309980809
13.1475,0.720837786683416
13.16,0.719117379267184
13.1725,0.717401077908804
13.185,0.715688872808484
13.1975,0.713980754189792
13.21,0.712276712299583
13.2225,0.71057673740799
13.235,0.708880819808444
13.2475,0.707188949817512
13.26,0.705501117774827
13.2725,0.703817314043078
13.285,0.702137529008031
13.2975,0.700461753078366
13.31,0.698789976685612
13.3225,0.697122190284135
13.335,0.695458384351155
13.3475,0.693798549386593
13.36,0.692142675912997
13.3725,0.690490754475535
13.385,0.688842775642018
13.3975,0.687198730002732
13.41,0.685558608170384
13.4225,0.683922400780081
13.435,0.682290098489357
13.4475,0.680661691978011
13.46,0.679037171948045
13.4725,0.677416529123653
13.485,0.675799754251238
13.4975,0.67418683809926
13.51,0.672577771458167
13.5225,0.670972545140391
13.535,0.66937114998036
13.5475,0.66777357683435
13.56,0.666179816580417
13.5725,0.664589860118389
13.585,0.663003698369884
13.5975,0.661421322278157
13.61,0.659842722808037
13.6225,0.658267890945919
13.635,0.65669681769978
13.6475,0.655129494099027
13.66,0.653565911194438
13.6725,0.652006060058151
13.685,0.650449931783678
13.6975,0.648897517485763
13.71,0.647348808300312
13.7225,0.64580379538439
13.735,0.644262469916235
13.7475,0.64272482309511
13.76,0.641190846141243
13.7725,0.639660530295818
13.785,0.63813386682099
13.7975,0.636610846999741
13.81,0.635091462135816
13.8225,0.633575703553719
13.835,0.632063562598725
13.8475,0.630555030636735
13.86,0.629050099054221
13.8725,0.627548759258212
13.885,0.62605100267631
13.8975,0.624556820756552
13.91,0.623066204967345
13.9225,0.621579146797459
13.935,0.620095637756044
13.9475,0.618615669372486
13.96,0.617139233196349
13.9725,0.615666320797369
13.985,0.614196923765465
13.9975,0.6127310337106
14.01,0.611268642262726
14.0225,0.609809741071769
14.035,0.60835432180765
14.0475,0.606902376160146
14.06,0.605453895838827
14.0725,0.604008872573051
14.085,0.602567298111981
14.0975,0.601129164224442
14.11,0.59969446269887
14.1225,0.598263185343298
14.135,0.596835323985375
14.1475,0.595410870472228
14.16,0.593989816670404
14.1725,0.592572154465863
14.185,0.591157875763995
14.1975,0.58974697248948
14.21,0.588339436586238
14.2225,0.586935260017413
14.235,0.585534434765395
14.2475,0.584136952831684
14.26,0.582742806236831
14.2725,0.581351987020433
14.285,0.579964487241148
14.2975,0.578580298976561
14.31,0.577199414323129
14.3225,0.575821825396175
14.335,0.574447524329897
14.3475,0.573076503277245
14.36,0.571708754409858
14.3725,0.570344269918061
14.385,0.56898304201088
14.3975000000001,0.567625062915906
14.41,0.56627032487925
14.4225,0.564918820165526
14.4350000000001,0.56357054105787
14.4475000000001,0.562225479857813
14.4600000000001,0.560883628885222
14.47,0.559812454321585
14.48,0.558743325485241
14.49,0.557676238469267
14.5,0.55661118937419
