0,0
1.5,0
1.5,0
1.50174966785892,0.21847170053953
1.50349933571784,0.423401780486692
1.50524900357676,0.615622935547752
1.50699867143568,0.795920408177863
1.5087483392946,0.96503107341299
1.51049800715352,1.1236409164594
1.51224767501244,1.2723956566375
1.51399734287136,1.41190421533184
1.51595618352423,1.55782483156844
1.5179150241771,1.69361543712572
1.51987386482997,1.81997041742982
1.52183270548284,1.93754062830554
1.52402327005477,2.05935927949529
1.52621383462671,2.17172698344989
1.52840439919865,2.2753646746777
1.53059496377058,2.37094379522998
1.53282499675962,2.46060799317922
1.53505502974867,2.54315861298711
1.53728506273771,2.6191476147509
1.53951509572675,2.68908852722091
1.54174414750231,2.75342777945558
1.54397319927788,2.81262733476048
1.54620225105344,2.86708584576394
1.54843130282901,2.91717421770702
1.55066037898301,2.96323500532025
1.55288945513702,3.00557857847807
1.55511853129102,3.04449327797921
1.55734760744503,3.08024737507994
1.55957668299334,3.11308827738925
1.56180575854165,3.14324088687864
1.56403483408996,3.1709137496025
1.56626390963827,3.19630089606538
1.56849298520162,3.21958127321004
1.57072206076498,3.24091753678618
1.57295113632834,3.26046052041394
1.57518021189169,3.27835055914726
1.57740928745467,3.29471707854013
1.57963836301766,3.30967772156407
1.58186743858064,3.32334158054449
1.58409651414362,3.33581015457811
1.58632558970662,3.34717705232164
1.58855466526961,3.35752736051687
1.59078374083261,3.36693998153857
1.5930128163956,3.37548832585713
1.59524189195859,3.38324009707646
1.59747096752158,3.39025683521143
1.59970004308457,3.39659560735056
1.60192911864757,3.40230950848898
1.60415819421056,3.40744750605419
1.60638726977355,3.41205410957534
1.60861634533654,3.41617059347773
1.61084542089953,3.41983535931691
1.61307449646252,3.42308382332986
1.61530357202552,3.42594817751889
1.61753264758851,3.42845827405415
1.6197617231515,3.43064188726427
1.62199079871449,3.43252463230627
1.62421987427749,3.43412979236631
1.62644894984048,3.43547895831559
1.62867802540347,3.43659221819865
1.63090710096646,3.43748809841028
1.63313617652946,3.43818343871614
1.63536525209245,3.43869385489246
1.63759432765544,3.43903387577601
1.63995821630443,3.43922322017801
1.64232210495342,3.43925048596071
1.64468599360241,3.43912903905606
1.64704988225141,3.43887127164235
1.64956823211034,3.43845946381055
1.65208658196927,3.43791821371132
1.6546049318282,3.43725888110428
1.65712328168713,3.4364919578742
1.65981614524922,3.43556368710974
1.6625090088113,3.43453378120555
1.66520187237339,3.4334117741902
1.66789473593547,3.43220643577518
1.67078654020162,3.43082832494559
1.67367834446777,3.42937197433268
1.67657014873392,3.42784527374
1.67946195300007,3.42625544914471
1.68258237267471,3.424476617078
1.68570279234935,3.42263898111503
1.68882321202399,3.42074896416778
1.69194363169862,3.41881242237579
1.69532919990533,3.41666478422498
1.69871476811205,3.41447426321533
1.70210033631876,3.41224598830752
1.70548590452547,3.4099846148333
1.70918221776142,3.40748272891654
1.71287853099737,3.4049508069937
1.71657484423332,3.4023928518829
1.72027115746927,3.39981248145353
1.72433602156378,3.39695272265448
1.72840088565829,3.39407313858886
1.7324657497528,3.39117676774897
1.73653061384732,3.38826634724515
1.74103863587872,3.38502506092738
1.74554665791013,3.38177196293486
1.75005467994153,3.37850928220107
1.75456270197294,3.37523902396768
1.75961218161903,3.37156908369304
1.76466166126511,3.3678935952058
1.7697111409112,3.36421412429216
1.77476062055729,3.36053208396889
1.78048422623231,3.3563568593446
1.78620783190733,3.35218106955563
1.79193143758236,3.34800575367019
1.79765504325738,3.34383186111149
1.80423697074916,3.33903480999385
1.81081889824093,3.33424141920761
1.81740082573271,3.32945232549089
1.82398275322449,3.32466813009804
1.83168750292401,3.31907465423048
1.83939225262352,3.3134889482409
1.84709700232304,3.30791135619236
1.85480175202256,3.30234223059833
1.86402480509929,3.29568715889415
1.87324785817602,3.28904475986791
1.88247091125275,3.28241517603123
1.89169396432948,3.27579859081444
1.90305579582718,3.26766571406724
1.91441762732488,3.25955274366493
1.92577945882258,3.25145968680533
1.93714129032028,3.2433866118002
1.94964129032028,3.23452793998194
1.96214129032028,3.22569339445649
1.97464129032028,3.21688292016436
1.98714129032028,3.20809648700869
1.99035596774021,3.20584072641427
1.99357064516014,3.20358655088408
1.99678532258007,3.20133395942076
2,3.19908295101713
2,3.19908295101713
2.0025,3.5053051139214
2.005,3.78461213738985
2.0075,4.0393312692772
2.01,4.27161292311289
2.01222237378907,4.46085172193276
2.01444474757814,4.63515493035106
2.0166671213672,4.79567763534315
2.01888949515627,4.94349471646138
2.02111873724678,5.08000119481377
2.02334797933729,5.20563094510706
2.02557722142779,5.32122765877641
2.0278064635183,5.42757629992463
2.03003553494383,5.52539362542538
2.03226460636936,5.61534599896462
2.0344936777949,5.69804348252718
2.03672274922043,5.77405367569661
2.03895182488622,5.8439001809387
2.041180900552,5.90805866957097
2.04340997621779,5.96697037956308
2.04563905188358,6.02104583715158
2.04786812744402,6.07066365248672
2.05009720300445,6.11616797266623
2.05232627856489,6.15787792870401
2.05455535412532,6.1960904389456
2.05678442968838,6.2310793396673
2.05901350525144,6.26309353768222
2.06124258081449,6.29236384856116
2.06347165637755,6.31910502226482
2.06570073194054,6.34351511430885
2.06792980750353,6.3657741497037
2.07015888306653,6.38604906869171
2.07238795862952,6.40449519184748
2.07461703419251,6.42125576526504
2.0768461097555,6.4364609942329
2.07907518531849,6.45023162030635
2.08130426088149,6.46267998096033
2.08353333644448,6.47390968063995
2.08576241200747,6.48401489185308
2.08799148757046,6.49308294233573
2.09022056313345,6.50119508146028
2.09244963869645,6.50842624231836
2.09467871425944,6.51484453622662
2.09690778982243,6.52051312392884
2.09913686538542,6.52549076991096
2.10136594094841,6.52983167032426
2.1035950165114,6.53358508737995
2.1058240920744,6.53679670272119
2.10805316763739,6.53950901833876
2.11028224320038,6.54176123211434
2.11251131876337,6.54358897339138
2.11474039432636,6.54502528181961
2.11696946988935,6.54610089732268
2.11919854545234,6.5468441700831
2.12142762101533,6.54728086929042
2.12365669657832,6.54743489110357
2.12588577214132,6.54732846837388
2.12811484770431,6.54698210554048
2.1303439232673,6.54641444030483
2.13257299883029,6.54564275567401
2.13480207439329,6.54468313164567
2.13711847820233,6.54350269526813
2.13943488201138,6.54215041713937
2.14175128582043,6.54064025452889
2.14406768962948,6.5389851635881
2.14653675526701,6.53707481689728
2.14900582090455,6.53502634874461
2.15147488654208,6.53285172390811
2.15394395217962,6.53056200631696
2.15658052259041,6.52800129369189
2.1592170930012,6.52533188748904
2.16185366341199,6.52256386466854
2.16449023382278,6.51970650626436
2.16731774609304,6.51655253341284
2.17014525836331,6.51331472344545
2.17297277063358,6.51000145384232
2.17580028290384,6.50662040758493
2.17884659958853,6.50290982901941
2.18189291627322,6.49913621023854
2.18493923295791,6.4953064073172
2.1879855496426,6.49142667999746
2.19128489040382,6.48717488268258
2.19458423116504,6.48287723593524
2.19788357192626,6.47853924877423
2.20118291268747,6.4741659282907
2.20477779193841,6.469365850056
2.20837267118934,6.46453396493919
2.21196755044027,6.45967460428458
2.2155624296912,6.45479168763158
2.2195064752283,6.44941148471942
2.22345052076539,6.44401083076638
2.22739456630248,6.43859304307519
2.23133861183957,6.43316111236503
2.23570063878474,6.42714017221036
2.24006266572991,6.42110792260679
2.24442469267508,6.41506682367392
2.24878671962025,6.40901908854142
2.253656790958,6.4022614548096
2.25852686229575,6.39549993534558
2.26339693363349,6.38873628189516
2.26826700497124,6.38197207233014
2.27376572426888,6.37433570422499
2.27926444356652,6.36670170139464
2.28476316286416,6.35907124635303
2.2902618821618,6.35144541339203
2.29655515174577,6.34272447542441
2.30284842132975,6.3340116241597
2.30914169091372,6.32530760024309
2.3154349604977,6.3166130931614
2.32275839323857,6.30650806997167
2.33008182597945,6.29641716810234
2.33740525872033,6.28634079901637
2.3447286914612,6.27627937025519
2.35342993108058,6.26434486923384
2.36213117069995,6.2524321023573
2.37083241031933,6.24054124553311
2.3795336499387,6.22867250689374
2.39014964432805,6.2142221545252
2.40076563871741,6.19980493696648
2.41138163310677,6.18542086125598
2.42199762749612,6.17106999070753
2.43449762749612,6.15421488776585
2.44699762749612,6.13740570435157
2.45949762749612,6.12064233330369
2.47199762749612,6.10392470956138
2.48449762749612,6.08725274841374
2.49699762749612,6.07062630283135
2.50949762749612,6.0540452518379
2.52199762749612,6.03750948244004
2.53449762749612,6.02101887832344
2.54699762749612,6.00457331204236
2.55949762749612,5.98817266119444
2.57199762749612,5.9718168051118
2.58449762749612,5.95550562279183
2.59699762749612,5.93923899146754
2.60949762749612,5.92301678956636
2.62199762749612,5.9068388961035
2.63449762749612,5.89070519030301
2.64699762749612,5.87461555133635
2.65949762749612,5.85856985886186
2.67199762749612,5.84256799291277
2.68449762749612,5.82660983382777
2.69699762749612,5.81069526220334
2.70949762749612,5.79482415899039
2.72199762749612,5.77899640547289
2.73449762749612,5.76321188325498
2.74699762749612,5.74747047425256
2.75949762749612,5.73177206070881
2.77199762749612,5.7161165251894
2.78449762749612,5.70050375058004
2.79699762749612,5.68493362008516
2.80949762749612,5.66940601722866
2.82199762749612,5.65392082585216
2.83449762749612,5.63847793011444
2.84699762749612,5.62307721449144
2.85949762749612,5.60771856377428
2.87199762749612,5.59240186306816
2.88449762749612,5.57712699779207
2.89699762749612,5.56189385367905
2.90949762749612,5.54670231677379
2.92199762749612,5.53155227343154
2.93449762749612,5.516443610318
2.94699762749612,5.50137621440953
2.95949762749612,5.48634997299075
2.97199762749612,5.47136477365343
2.98449762749612,5.45642050429643
2.99699762749612,5.4415170531259
3.00949762749612,5.42665430865288
3.02199762749612,5.41183215969224
3.03449762749612,5.39705049536257
3.04699762749612,5.38230920508643
3.05949762749612,5.36760817858794
3.07199762749612,5.35294730589175
3.08449762749612,5.33832647732293
3.09699762749612,5.3237455835072
3.10949762749612,5.30920451536856
3.12199762749612,5.29470316412829
3.13449762749612,5.2802414213048
3.14699762749612,5.26581917871388
3.15949762749612,5.25143632846637
3.17199762749612,5.23709276296714
3.18449762749612,5.22278837491495
3.19699762749612,5.20852305730275
3.20949762749612,5.19429670341527
3.22199762749612,5.18010920682809
3.23449762749612,5.16596046140751
3.24699762749612,5.15185036131078
3.25949762749612,5.13777880098379
3.27199762749612,5.1237456751601
3.28449762749612,5.10975087886082
3.29699762749612,5.09579430739483
3.30949762749612,5.08187585635655
3.32199762749612,5.06799542162492
3.33449762749612,5.05415289936329
3.34699762749612,5.04034818601967
3.35949762749612,5.02658117832448
3.37199762749612,5.01285177328958
3.38449762749612,4.99915986820815
3.39699762749612,4.98550536065492
3.40949762749612,4.97188814848396
3.42199762749612,4.95830812982772
3.43449762749612,4.9447652030969
3.44699762749612,4.93125926698072
3.45949762749612,4.91779022044465
3.47199762749612,4.90435796272954
3.48449762749612,4.89096239335147
3.49699762749612,4.87760341210199
3.50949762749612,4.86428091904591
3.52199762749612,4.85099481452041
3.53449762749612,4.83774499913492
3.54699762749612,4.82453137377131
3.55949762749612,4.81135383958178
3.57199762749612,4.79821229798793
3.58449762749612,4.78510665068061
3.59699762749612,4.77203679962018
3.60949762749612,4.7590026470344
3.62199762749612,4.74600409541744
3.63449762749612,4.73304104752984
3.64699762749612,4.72011340639873
3.65949762749612,4.70722107531568
3.67199762749612,4.69436395783581
3.68449762749612,4.6815419577777
3.69699762749612,4.66875497922361
3.70949762749612,4.65600292651738
3.72199762749612,4.64328570426351
3.73449762749612,4.63060321732713
3.74699762749612,4.61795537083414
3.75949762749612,4.6053420701692
3.77199762749612,4.59276322097478
3.78449762749612,4.58021872915115
3.79699762749612,4.56770850085652
3.80949762749612,4.55523244250503
3.82199762749612,4.54279046076584
3.83449762749612,4.53038246256308
3.84699762749612,4.51800835507604
3.85949762749612,4.50566804573714
3.87199762749612,4.49336144223107
3.88449762749612,4.48108845249469
3.89699762749612,4.46884898471723
3.90949762749612,4.45664294733833
3.92199762749612,4.44447024904714
3.93449762749612,4.43233079878223
3.94699762749612,4.42022450573182
3.95949762749612,4.40815127933177
3.97199762749612,4.39611102926478
3.98449762749612,4.38410366546024
3.99699762749612,4.37212909809446
4.00949762749612,4.36018723758872
4.02199762749612,4.34827799460842
4.03449762749612,4.336401280063
4.04699762749612,4.32455700510612
4.05949762749612,4.31274508113374
4.07199762749612,4.30096541978331
4.08449762749612,4.28921793293361
4.09699762749612,4.27750253270503
4.10949762749612,4.26581913145762
4.12199762749612,4.25416764179026
4.13449762749612,4.24254797654057
4.14699762749612,4.23096004878515
4.15949762749612,4.21940377183762
4.17199762749612,4.20787905924785
4.18449762749612,4.19638582480186
4.19699762749612,4.18492398252204
4.20949762749612,4.17349344666522
4.22199762749612,4.16209413172193
4.23449762749612,4.15072595241625
4.24699762749612,4.13938882370607
4.25949762749612,4.12808266078117
4.27199762749612,4.1168073790625
4.28449762749612,4.105562894202
4.29699762749612,4.09434912208288
4.30949762749612,4.08316597881773
4.32199762749612,4.07201338074776
4.33449762749612,4.06089124444271
4.34699762749612,4.04979948670104
4.35949762749612,4.03873802454808
4.37199762749612,4.02770677523533
4.38449762749612,4.01670565624031
4.39699762749612,4.00573458526676
4.40949762749612,3.99479348024286
4.42199762749612,3.98388225932047
4.43449762749612,3.97300084087501
4.44699762749612,3.96214914350568
4.45949762749612,3.95132708603366
4.47199762749612,3.94053458750136
4.48449762749612,3.92977156717236
4.49699762749612,3.91903794453155
4.50949762749612,3.90833363928341
4.52199762749612,3.89765857135123
4.53449762749612,3.88701266087704
4.54699762749612,3.87639582822183
4.55949762749612,3.86580799396372
4.57199762749612,3.85524907889732
4.58449762749612,3.84471900403359
4.59699762749612,3.83421769060001
4.60949762749612,3.82374506003891
4.62199762749612,3.81330103400669
4.63449762749612,3.80288553437377
4.64699762749612,3.79249848322476
4.65949762749612,3.78213980285674
4.67199762749612,3.77180941577855
4.68449762749612,3.76150724471072
4.69699762749612,3.75123321258563
4.70949762749612,3.74098724254583
4.72199762749612,3.73076925794334
4.73449762749612,3.72057918233953
4.74699762749612,3.71041693950535
4.75949762749612,3.7002824534196
4.77199762749612,3.6901756482683
4.78449762749612,3.68009644844453
4.79699762749612,3.67004477854866
4.80949762749612,3.66002056338669
4.82199762749612,3.65002372796951
4.83449762749612,3.64005419751288
4.84699762749612,3.63011189743759
4.85949762749612,3.62019675336778
4.87199762749612,3.6103086911303
4.88449762749612,3.60044763675461
4.89699762749612,3.59061351647298
4.90949762749612,3.58080625671882
4.92199762749612,3.57102578412604
4.93449762749612,3.56127202552896
4.94699762749612,3.55154490796248
4.95949762749612,3.54184435866048
4.97199762749612,3.53217030505516
4.98449762749612,3.52252267477692
4.99699762749612,3.5129013956546
5.00949762749612,3.50330639571381
5.02199762749612,3.49373760317635
5.03449762749612,3.48419494646006
5.04699762749612,3.47467835417904
5.05949762749612,3.46518775514206
5.07199762749612,3.45572307835191
5.08449762749612,3.4462842530053
5.09699762749612,3.43687120849306
5.10949762749612,3.42748387439858
5.12199762749612,3.41812218049714
5.13449762749612,3.40878605675586
5.14699762749612,3.39947543333385
5.15949762749612,3.39019024058068
5.17199762749612,3.38093040903573
5.18449762749612,3.37169586942813
5.19699762749612,3.36248655267692
5.20949762749612,3.3533023898895
5.22199762749612,3.34414331236106
5.23449762749612,3.33500925157443
5.24699762749612,3.32590013920031
5.25949762749612,3.31681590709571
5.27199762749612,3.30775648730337
5.28449762749612,3.29872181205166
5.29699762749612,3.28971181375472
5.30949762749612,3.28072642501104
5.32199762749612,3.27176557860277
5.33449762749612,3.26282920749568
5.34699762749612,3.25391724483932
5.35949762749612,3.24502962396554
5.37199762749612,3.23616627838787
5.38449762749612,3.22732714180148
5.39699762749612,3.2185121480833
5.40949762749612,3.20972123129056
5.42199762749612,3.20095432566024
5.43449762749612,3.19221136560895
5.44699762749612,3.18349228573306
5.45949762749612,3.17479702080736
5.47199762749612,3.16612550578434
5.48449762749612,3.15747767579421
5.49699762749612,3.14885346614501
5.50949762749612,3.1402528123212
5.52199762749612,3.13167564998306
5.53449762749612,3.12312191496662
5.54699762749612,3.11459154328382
5.55949762749612,3.10608447112109
5.57199762749612,3.09760063483878
5.58449762749612,3.08913997097108
5.59699762749612,3.08070241622616
5.60949762749612,3.0722879074848
5.62199762749612,3.0638963817998
5.63449762749612,3.05552777639589
5.64699762749612,3.04718202866991
5.65949762749612,3.03885907618942
5.67199762749612,3.03055885669215
5.68449762749612,3.02228130808586
5.69699762749612,3.01402636844856
5.70949762749612,3.00579397602714
5.72199762749612,2.99758406923676
5.73449762749612,2.98939658666081
5.74699762749612,2.98123146705106
5.75949762749612,2.97308864932632
5.77199762749612,2.96496807257183
5.78449762749612,2.95686967603925
5.79699762749612,2.94879339914677
5.80949762749612,2.94073918147781
5.82199762749612,2.93270696278042
5.83449762749612,2.92469668296723
5.84699762749612,2.91670828211563
5.85949762749612,2.9087417004664
5.87199762749612,2.90079687842318
5.88449762749612,2.8928737565524
5.89699762749612,2.88497227558345
5.90949762749612,2.87709237640734
5.92199762749612,2.86923400007615
5.93449762749612,2.86139708780302
5.94699762749612,2.85358158096223
5.95949762749612,2.84578742108794
5.97199762749612,2.83801454987364
5.98449762749612,2.8302629091721
5.99699762749612,2.8225324409955
6.00949762749612,2.81482308751415
6.02199762749612,2.80713479105597
6.03449762749612,2.79946749410642
6.04699762749611,2.7918211393086
6.05949762749611,2.78419566946209
6.07199762749612,2.77659102752229
6.08449762749612,2.76900715660048
6.09699762749612,2.76144399996387
6.10949762749611,2.75390150103437
6.12199762749611,2.74637960338812
6.13449762749612,2.73887825075537
6.14699762749611,2.73139738702061
6.15949762749611,2.72393695622141
6.17199762749611,2.71649690254779
6.18449762749611,2.70907717034229
6.19699762749612,2.70167770409998
6.20949762749611,2.69429844846732
6.22199762749611,2.68693934824162
6.23449762749611,2.67960034837098
6.24699762749611,2.67228139395443
6.25949762749611,2.66498243024071
6.27199762749611,2.65770340262778
6.28449762749611,2.65044425666275
6.29699762749611,2.643204938042
6.30949762749611,2.63598539261002
6.32199762749611,2.62878556635887
6.33449762749611,2.62160540542815
6.34699762749611,2.61444485610513
6.35949762749611,2.60730386482352
6.37199762749611,2.60018237816305
6.38449762749611,2.59308034284935
6.39699762749611,2.58599770575412
6.40949762749611,2.57893441389393
6.42199762749611,2.57189041442974
6.43449762749611,2.56486565466687
6.44699762749611,2.55786008205509
6.45949762749611,2.55087364418745
6.47199762749611,2.54390628879988
6.48449762749611,2.53695796377102
6.49699762749611,2.53002861712242
6.50949762749611,2.52311819701741
6.52199762749611,2.51622665176053
6.53449762749611,2.50935392979759
6.54699762749611,2.50249997971568
6.55949762749611,2.49566475024215
6.57199762749611,2.48884819024405
6.58449762749611,2.4820502487281
6.59699762749611,2.47527087484084
6.60949762749611,2.46851001786749
6.62199762749611,2.46176762723145
6.63449762749611,2.45504365249431
6.64699762749611,2.44833804335593
6.65949762749611,2.44165074965333
6.67199762749611,2.43498172136024
6.68449762749611,2.42833090858705
6.69699762749611,2.42169826158092
6.70949762749611,2.41508373072468
6.72199762749611,2.4084872665364
6.73449762749611,2.4019088196693
6.74699762749611,2.39534834091187
6.75949762749611,2.38880578118684
6.77199762749611,2.38228109155066
6.78449762749611,2.37577422319349
6.79699762749611,2.36928512743929
6.80949762749611,2.36281375574477
6.82199762749611,2.35636005969893
6.83449762749611,2.34992399102301
6.84699762749611,2.34350550157061
6.85949762749611,2.33710454332663
6.87199762749611,2.33072106840682
6.88449762749611,2.32435502905773
6.89699762749611,2.31800637765682
6.90949762749611,2.31167506671144
6.92199762749611,2.30536104885835
6.93449762749611,2.29906427686369
6.94699762749611,2.29278470362311
6.95949762749611,2.28652228216069
6.97199762749611,2.28027696562856
6.98449762749611,2.27404870730679
6.99699762749611,2.26783746060356
7.00949762749611,2.26164317905409
7.02199762749611,2.25546581632024
7.03449762749611,2.24930532619045
7.04699762749611,2.24316166257983
7.05949762749611,2.23703477952918
7.07199762749611,2.23092463120456
7.08449762749611,2.22483117189721
7.09699762749611,2.21875435602371
7.10949762749611,2.21269413812491
7.12199762749611,2.20665047286557
7.13449762749611,2.2006233150343
7.14699762749611,2.19461261954364
7.15949762749611,2.18861834142908
7.17199762749611,2.18264043584867
7.18449762749611,2.17667885808294
7.19699762749611,2.17073356353502
7.20949762749611,2.16480450772965
7.22199762749611,2.1588916463128
7.23449762749611,2.15299493505157
7.24699762749611,2.14711432983435
7.25949762749611,2.1412497866698
7.27199762749611,2.13540126168648
7.28449762749611,2.12956871113281
7.29699762749611,2.12375209137712
7.30949762749611,2.11795135890674
7.32199762749611,2.11216647032759
7.33449762749611,2.10639738236413
7.34699762749611,2.10064405185944
7.35949762749611,2.0949064357743
7.37199762749611,2.0891844911868
7.38449762749611,2.08347817529225
7.39699762749611,2.07778744540332
7.40949762749611,2.07211225894911
7.42199762749611,2.0664525734747
7.43449762749611,2.06080834664117
7.44699762749611,2.05517953622566
7.45949762749611,2.04956610012046
7.47199762749611,2.0439679963326
7.48449762749611,2.03838518298384
7.49699762749611,2.03281761831073
7.50949762749611,2.02726526066373
7.52199762749611,2.0217280685068
7.53449762749611,2.01620600041734
7.54699762749611,2.01069901508633
7.55949762749611,2.00520707131741
7.57199762749611,1.99973012802648
7.58449762749611,1.99426814424166
7.59699762749611,1.9888210791034
7.60949762749611,1.98338889186357
7.62199762749611,1.97797154188511
7.63449762749611,1.97256898864195
7.64699762749611,1.96718119171912
7.65949762749611,1.96180811081187
7.67199762749611,1.95644970572528
7.68449762749611,1.95110593637424
7.69699762749611,1.94577676278353
7.70949762749611,1.94046214508695
7.72199762749611,1.93516204352694
7.73449762749611,1.92987641845453
7.74699762749611,1.92460523032946
7.75949762749611,1.91934843971932
7.77199762749611,1.91410600729912
7.78449762749611,1.90887789385132
7.79699762749611,1.90366406026589
7.80949762749611,1.89846446753946
7.82199762749611,1.89327907677494
7.83449762749611,1.88810784918149
7.84699762749611,1.88295074607465
7.85949762749611,1.87780772887541
7.87199762749611,1.87267875910992
7.88449762749611,1.86756379840943
7.89699762749611,1.86246280851037
7.90949762749611,1.85737575125352
7.92199762749611,1.85230258858364
7.93449762749611,1.84724328254948
7.94699762749611,1.84219779530378
7.95949762749611,1.83716608910254
7.97199762749611,1.8321481263046
7.98449762749611,1.82714386937162
7.99699762749611,1.82215328086817
8.00949762749611,1.81717632346093
8.02199762749611,1.81221295991828
8.03449762749611,1.80726315311036
8.04699762749611,1.80232686600905
8.05949762749611,1.79740406168724
8.07199762749611,1.79249470331843
8.08449762749611,1.78759875417675
8.09699762749611,1.78271617763699
8.10949762749611,1.77784693717381
8.12199762749611,1.77299099636144
8.13449762749611,1.76814831887359
8.14699762749611,1.76331886848357
8.15949762749611,1.75850260906348
8.17199762749611,1.75369950458386
8.18449762749611,1.7489095191137
8.19699762749611,1.74413261682048
8.20949762749611,1.73936876196938
8.22199762749611,1.73461791892299
8.23449762749611,1.72988005214126
8.24699762749611,1.72515512618152
8.25949762749611,1.72044310569782
8.27199762749611,1.71574395544049
8.28449762749611,1.71105764025616
8.29699762749611,1.70638412508785
8.30949762749611,1.70172337497416
8.32199762749611,1.69707535504898
8.33449762749611,1.69244003054145
8.34699762749611,1.687817366776
8.35949762749611,1.68320732917167
8.37199762749611,1.67860988324171
8.38449762749611,1.67402499459358
8.39699762749611,1.66945262892904
8.40949762749611,1.66489275204336
8.42199762749611,1.66034532982504
8.43449762749611,1.65581032825578
8.44699762749611,1.6512877134105
8.45949762749611,1.64677745145666
8.47199762749611,1.64227950865393
8.48449762749611,1.63779385135413
8.49699762749611,1.63332044600133
8.50949762749611,1.62885925913111
8.52199762749611,1.62441025737025
8.53449762749611,1.6199734074367
8.54699762749611,1.61554867613964
8.55949762749611,1.61113603037877
8.57199762749611,1.60673543714399
8.58449762749611,1.60234686351539
8.59699762749611,1.59797027666328
8.60949762749611,1.59360564384754
8.62199762749611,1.58925293241722
8.63449762749611,1.58491210981062
8.64699762749611,1.58058314355526
8.6594976274961,1.57626600126724
8.67199762749611,1.57196065065091
8.68449762749611,1.56766705949884
8.69699762749611,1.56338519569188
8.70949762749611,1.55911502719849
8.7219976274961,1.55485652207443
8.73449762749611,1.5506096484627
8.74699762749611,1.54637437459365
8.75949762749611,1.54215066878425
8.77199762749611,1.53793849943784
8.7844976274961,1.53373783504406
8.79699762749611,1.52954864417891
8.80949762749611,1.52537089550413
8.82199762749611,1.52120455776684
8.83449762749611,1.51704959979953
8.8469976274961,1.51290599052013
8.8594976274961,1.50877369893136
8.87199762749611,1.50465269412038
8.88449762749611,1.50054294525883
8.89699762749611,1.49644442160283
8.9094976274961,1.49235709249236
8.9219976274961,1.48828092735095
8.93449762749611,1.48421589568567
8.9469976274961,1.48016196708715
8.95949762749611,1.476119111229
8.9719976274961,1.47208729786742
8.9844976274961,1.46806649684127
8.99699762749611,1.46405667807207
9.0094976274961,1.46005781156338
9.02199762749611,1.4560698674005
9.0344976274961,1.45209281575046
9.0469976274961,1.44812662686205
9.0594976274961,1.44417127106522
9.0719976274961,1.44022671877077
9.08449762749611,1.43629294047032
9.0969976274961,1.43236990673638
9.1094976274961,1.42845758822175
9.1219976274961,1.42455595565915
9.1344976274961,1.4206649798613
9.1469976274961,1.41678463172091
9.1594976274961,1.41291488221007
9.1719976274961,1.40905570237998
9.1844976274961,1.40520706336092
9.1969976274961,1.40136893636231
9.2094976274961,1.3975412926721
9.2219976274961,1.39372410365647
9.2344976274961,1.38991734075982
9.2469976274961,1.38612097550483
9.2594976274961,1.38233497949187
9.2719976274961,1.37855932439866
9.2844976274961,1.37479398198033
9.2969976274961,1.3710389240694
9.3094976274961,1.36729412257525
9.3219976274961,1.36355954948378
9.3344976274961,1.35983517685742
9.3469976274961,1.35612097683521
9.3594976274961,1.35241692163214
9.3719976274961,1.34872298353895
9.3844976274961,1.34503913492205
9.3969976274961,1.34136534822361
9.4094976274961,1.33770159596097
9.4219976274961,1.33404785072634
9.4344976274961,1.33040408518682
9.4469976274961,1.32677027208443
9.4594976274961,1.32314638423553
9.4719976274961,1.31953239453056
9.4844976274961,1.31592827593403
9.4969976274961,1.31233400148453
9.5094976274961,1.30874954429421
9.5219976274961,1.30517487754849
9.5344976274961,1.30160997450601
9.5469976274961,1.29805480849876
9.5594976274961,1.29450935293144
9.5719976274961,1.29097358128122
9.58449762749611,1.28744746709772
9.5969976274961,1.2839309840031
9.6094976274961,1.28042410569142
9.62199762749611,1.27692680592846
9.63449762749611,1.27343905855163
9.64699762749611,1.26996083747009
9.6594976274961,1.26649211666415
9.67199762749611,1.26303287018502
9.68449762749611,1.2595830721548
9.69699762749611,1.25614269676652
9.70949762749611,1.2527117182836
9.72199762749611,1.24929011103961
9.73449762749611,1.2458778494382
9.74699762749611,1.24247490795322
9.75949762749611,1.23908126112813
9.77199762749611,1.23569688357574
9.78449762749611,1.23232174997823
9.79699762749611,1.22895583508719
9.80949762749611,1.22559911372306
9.82199762749611,1.22225156077489
9.83449762749611,1.21891315120034
9.84699762749611,1.21558386002571
9.85949762749611,1.21226366234541
9.87199762749611,1.20895253332173
9.88449762749611,1.2056504481848
9.89699762749611,1.20235738223266
9.90949762749611,1.19907331083072
9.92199762749611,1.1957982094115
9.93449762749611,1.19253205347466
9.94699762749611,1.18927481858702
9.95949762749611,1.18602648038201
9.97199762749611,1.1827870145595
9.98449762749611,1.1795563968857
9.99699762749611,1.17633460319329
10.0094976274961,1.17312160938084
10.0219976274961,1.16991739141261
10.0344976274961,1.1667219253185
10.0469976274961,1.16353518719414
10.0594976274961,1.16035715320035
10.0719976274961,1.1571877995629
10.0844976274961,1.15402710257253
10.0969976274961,1.15087503858496
10.1094976274961,1.14773158402038
10.1219976274961,1.14459671536327
10.1344976274961,1.14147040916232
10.1469976274961,1.13835264203052
10.1594976274961,1.13524339064465
10.1719976274961,1.13214263174503
10.1844976274961,1.12905034213553
10.1969976274961,1.12596649868361
10.2094976274961,1.12289107831982
10.2219976274961,1.11982405803756
10.2344976274961,1.1167654148931
10.2469976274961,1.1137151260056
10.2594976274961,1.11067316855661
10.2719976274961,1.10763951978988
10.2844976274961,1.10461415701131
10.2969976274961,1.10159705758901
10.3094976274961,1.09858819895284
10.3219976274961,1.09558755859414
10.3344976274961,1.09259511406573
10.3469976274961,1.08961084298201
10.3594976274961,1.08663472301837
10.3719976274961,1.08366673191109
10.3844976274961,1.08070684745723
10.3969976274961,1.07775504751475
10.4094976274961,1.07481131000197
10.4219976274961,1.0718756128974
10.4344976274961,1.06894793423969
10.4469976274961,1.06602825212772
10.4594976274961,1.06311654472008
10.4719976274961,1.06021279023488
10.4844976274961,1.05731696694975
10.4969976274961,1.05442905320184
10.5094976274961,1.05154902738741
10.5219976274961,1.04867686796158
10.5344976274961,1.04581255343831
10.5469976274961,1.04295606239048
10.5594976274961,1.04010737344941
10.5719976274961,1.03726646530464
10.5844976274961,1.03443331670392
10.5969976274961,1.03160790645327
10.6094976274961,1.02879021341652
10.6219976274961,1.02598021651508
10.6344976274961,1.02317789472795
10.6469976274961,1.02038322709175
10.6594976274961,1.01759619270028
10.6719976274961,1.01481677070431
10.6844976274961,1.01204494031157
10.6969976274961,1.00928068078677
10.7094976274961,1.00652397145118
10.7219976274961,1.00377479168244
10.7344976274961,1.0010331209145
10.7469976274961,0.998298938637695
10.7594976274961,0.995572224398302
10.7719976274961,0.992852957798331
10.7844976274961,0.990141118495515
10.7969976274961,0.987436686203353
10.8094976274961,0.984739640690669
10.8219976274961,0.982049961781421
10.8344976274961,0.97936762935468
10.8469976274961,0.976692623344679
10.8594976274961,0.974024923740372
10.8719976274961,0.971364510585247
10.8844976274961,0.968711363977307
10.8969976274961,0.966065464069115
10.9094976274961,0.963426791067361
10.9219976274961,0.960795325232675
10.9344976274961,0.958171046879608
10.9469976274961,0.955553936376681
10.9594976274961,0.952943974145946
10.9719976274961,0.950341140662816
10.9844976274961,0.947745416456033
10.9969976274961,0.945156782107723
11.0094976274961,0.942575218252963
11.0219976274961,0.940000705579606
11.0344976274961,0.937433224828259
11.0469976274961,0.934872756792326
11.0594976274961,0.932319282317591
11.0719976274961,0.929772782302037
11.0844976274961,0.927233237695828
11.0969976274961,0.924700629501351
11.1094976274961,0.922174938772803
11.1219976274961,0.91965614661601
11.1344976274961,0.917144234188413
11.1469976274961,0.914639182699108
11.1594976274961,0.912140973408437
11.1719976274961,0.909649587627808
11.1844976274961,0.907165006719685
11.1969976274961,0.904687212097622
11.2094976274961,0.902216185225861
11.2219976274961,0.899751907619161
11.2344976274961,0.897294360842772
11.2469976274961,0.894843526512485
11.2594976274961,0.892399386294225
11.2719976274961,0.889961921903883
11.2844976274961,0.887531115107295
11.2969976274961,0.885106947720285
11.3094976274961,0.882689401608268
11.3219976274961,0.880278458686078
11.3344976274961,0.877874100917954
11.3469976274961,0.875476310317577
11.3594976274961,0.873085068947681
11.3719976274961,0.87070035891988
11.3844976274961,0.868322162394655
11.3969976274961,0.865950461581393
11.4094976274961,0.863585238737998
11.4219976274961,0.861226476170724
11.4344976274961,0.85887415623416
11.4469976274961,0.856528261331268
11.4594976274961,0.854188773912999
11.4719976274961,0.851855676478128
11.4844976274961,0.849528951573241
11.4969976274961,0.847208581792768
11.5094976274961,0.844894549778607
11.5219976274961,0.842586838219961
11.5344976274961,0.840285429853321
11.5469976274961,0.837990307462504
11.5594976274961,0.835701453878276
11.5719976274961,0.833418851978196
11.5844976274961,0.831142484686594
11.5969976274961,0.828872334974612
11.6094976274961,0.826608385859833
11.6219976274961,0.824350620406118
11.6344976274961,0.822099021723594
11.6469976274961,0.819853572968692
11.6594976274961,0.817614257343773
11.6719976274961,0.815381058096979
11.6844976274961,0.813153958522212
11.6969976274961,0.810932941959171
11.7094976274961,0.808717991792991
11.7219976274961,0.806509091454085
11.7344976274961,0.804306224418131
11.7469976274961,0.802109374206105
11.7594976274961,0.799918524383923
11.7719976274961,0.79773365856229
11.7844976274961,0.795554760396678
11.7969976274961,0.79338181358737
11.8094976274961,0.791214801879097
11.8219976274961,0.789053709060891
11.8344976274961,0.786898518966067
11.8469976274961,0.784749215472258
11.8594976274961,0.782605782501067
11.8719976274961,0.780468204017914
11.8844976274961,0.778336464032017
11.8969976274961,0.776210546596437
11.9094976274961,0.774090435807719
11.9219976274961,0.771976115805751
11.9344976274961,0.769867570773745
11.9469976274961,0.767764784938276
11.9594976274961,0.76566774256893
11.9719976274961,0.763576427978167
11.9844976274961,0.761490825521297
11.9969976274961,0.759410919596519
12.0094976274961,0.757336694644582
12.0219976274961,0.755268135148636
12.0344976274961,0.753205225634218
12.0469976274961,0.751147950669286
12.0594976274961,0.749096294863886
12.0719976274961,0.747050242870002
12.0844976274961,0.745009779381546
12.0969976274961,0.742974889134389
12.1094976274961,0.74094555690603
12.1219976274961,0.738921767515452
12.1344976274961,0.736903505823108
12.1469976274961,0.734890756730955
12.1594976274961,0.732883505182124
12.1719976274961,0.73088173616078
12.1844976274961,0.728885434692105
12.1969976274961,0.726894585842334
12.2094976274961,0.724909174718429
12.2219976274961,0.722929186467937
12.2344976274961,0.720954606278979
12.2469976274961,0.718985419380281
12.2594976274961,0.717021611040852
12.2719976274961,0.715063166569845
12.2844976274961,0.713110071316546
12.2969976274961,0.711162310670402
12.3094976274961,0.709219870060708
12.3219976274961,0.707282734956464
12.3344976274961,0.705350890866367
12.3469976274961,0.703424323338839
12.3594976274961,0.701503017961713
12.3719976274961,0.6995869603621
12.3844976274961,0.697676136206371
12.3969976274961,0.695770531200194
12.4094976274961,0.693870131088217
12.4219976274961,0.691974921653938
12.4344976274961,0.69008488871969
12.4469976274961,0.688200018146673
12.4594976274961,0.686320295834645
12.4719976274961,0.68444570772179
12.4844976274961,0.682576239784706
12.4969976274961,0.680711878038432
12.5094976274961,0.678852608536148
12.5219976274961,0.676998417369042
12.5344976274961,0.675149290666295
12.5469976274961,0.673305214595116
12.5594976274961,0.671466175360436
12.5719976274961,0.669632159204781
12.5844976274961,0.667803152408258
12.5969976274961,0.665979141288586
12.6094976274961,0.664160112200798
12.6219976274961,0.66234605153711
12.6344976274961,0.660536945726914
12.6469976274961,0.658732781236802
12.6594976274961,0.656933544570274
12.6719976274961,0.65513922226761
12.6844976274961,0.653349800905859
12.6969976274961,0.651565267098868
12.7094976274961,0.649785607496989
12.7219976274961,0.648010808786954
12.7344976274962,0.646240857691864
12.7469976274961,0.644475740971218
12.7594976274961,0.642715445420621
12.7719976274961,0.640959957871665
12.7844976274962,0.639209265191912
12.7969976274962,0.637463354284929
12.8094976274961,0.635722212089995
12.8219976274962,0.633985825581984
12.8344976274962,0.63225418177135
12.8469976274962,0.630527267704156
12.8594976274962,0.628805070461794
12.8719976274962,0.627087577160861
12.8844976274962,0.625374774953147
12.8969976274962,0.623666651025664
12.9094976274962,0.621963192600368
12.9219976274962,0.620264386934038
12.9344976274962,0.61857022131826
12.9469976274962,0.616880683079464
12.9594976274962,0.615195759578639
12.9719976274962,0.613515438211219
12.9844976274962,0.61183970640707
12.9969976274962,0.610168551630519
13.0094976274962,0.608501961380076
13.0219976274962,0.606839923188324
13.0344976274962,0.6051824246219
13.0469976274962,0.603529453281529
13.0594976274962,0.601880996801748
13.0719976274962,0.600237042850794
13.0844976274962,0.598597579130588
13.0969976274962,0.596962593376769
13.1094976274962,0.59533207335842
13.1219976274962,0.593706006877956
13.1344976274962,0.592084381771113
13.1469976274962,0.590467185906972
13.1594976274962,0.5888544071877
13.1719976274962,0.58724603354843
13.1844976274962,0.585642052957255
13.1969976274962,0.584042453415251
13.2094976274962,0.582447222956215
13.2219976274962,0.580856349646559
13.2344976274962,0.579269821585289
13.2469976274962,0.577687626904039
13.2594976274962,0.57610975376681
13.2719976274962,0.574536190369858
13.2844976274962,0.572966924941682
13.2969976274962,0.571401945743053
13.3094976274962,0.569841241066756
13.3219976274962,0.56828479923748
13.3344976274962,0.566732608611808
13.3469976274962,0.565184657578242
13.3594976274962,0.563640934556952
13.3719976274962,0.562101427999661
13.3844976274962,0.560566126389644
13.3969976274962,0.559035018241743
13.4094976274962,0.557508092102125
13.4219976274962,0.555985336548169
13.4344976274962,0.554466740188458
13.4469976274962,0.552952291662803
13.4594976274962,0.551441979641998
13.4719976274962,0.549935792827707
13.4844976274962,0.548433719952462
13.4969976274962,0.546935749779682
13.5094976274962,0.545441871103429
13.5219976274962,0.543952072748303
13.5344976274962,0.542466343569434
13.5469976274962,0.540984672452504
13.5594976274962,0.539507048313503
13.5719976274962,0.538033460098631
13.5844976274962,0.536563896784279
13.5969976274962,0.535098347377063
13.6094976274962,0.533636800913576
13.6219976274962,0.53217924646029
13.6344976274962,0.530725673113544
13.6469976274962,0.529276069999567
13.6594976274962,0.527830426274244
13.6719976274962,0.526388731123013
13.6844976274962,0.52495097376085
13.6969976274962,0.523517143432303
13.7094976274962,0.522087229411247
13.7219976274962,0.52066122100079
13.7344976274962,0.51923910753326
13.7469976274962,0.51782087837023
13.7594976274962,0.516406522902283
13.7719976274962,0.514996030548919
13.7844976274962,0.513589390758538
13.7969976274962,0.512186593008466
13.8094976274962,0.510787626804728
13.8219976274962,0.509392481681944
13.8344976274962,0.508001147203324
13.8469976274962,0.506613612960691
13.8594976274962,0.505229868574249
13.8719976274962,0.503849903692493
13.8844976274962,0.502473707992192
13.8969976274962,0.501101271178416
13.9094976274962,0.499732582984312
13.9219976274962,0.498367633171005
13.9344976274962,0.497006411527589
13.9469976274962,0.495648907871151
13.9594976274962,0.49429511204655
13.9719976274962,0.492945013926316
13.9844976274962,0.491598603410647
13.9969976274962,0.490255870427428
14.0094976274962,0.488916804932012
14.0219976274962,0.487581396907125
14.0344976274962,0.486249636362857
14.0469976274962,0.484921513336688
14.0594976274962,0.483597017893261
14.0719976274962,0.4822761401243
14.0844976274962,0.480958870148593
14.0969976274962,0.479645198112017
14.1094976274962,0.478335114187323
14.1219976274962,0.477028608574042
14.1344976274962,0.475725671498478
14.1469976274962,0.474426293213729
14.1594976274962,0.473130463999472
14.1719976274962,0.471838174161876
14.1844976274962,0.47054941403359
14.1969976274962,0.469264173973765
14.2094976274962,0.467982444367845
14.2219976274962,0.466704215627472
14.2344976274962,0.465429478190485
14.2469976274962,0.464158222520935
14.2594976274962,0.462890439108878
14.2719976274962,0.461626118470287
14.2844976274962,0.460365251147043
14.2969976274962,0.459107827706955
14.3094976274962,0.457853838743555
14.3219976274962,0.45660327487601
14.3344976274962,0.455356126749112
14.3469976274962,0.4541123850333
14.3594976274962,0.452872040424455
14.3719976274962,0.451635083643814
14.3844976274962,0.450401505437962
14.3969976274962,0.44917129657885
14.4094976274962,0.447944447863594
14.4219976274962,0.446720950114394
14.4344976274962,0.445500794178516
14.4469976274962,0.44428397092832
14.4594976274962,0.443070471261059
14.4719976274962,0.44186028609879
14.4789982206221,0.441183969551143
14.4859988137481,0.440508688181555
14.492999406874,0.439834440405569
14.5,0.439161224641155
