0,0
0.0025,0.0550849848663088
0.005,0.108277700306655
0.0075,0.159642664317146
0.01,0.209242270091144
0.0153706284476328,0.310105288776019
0.0207412568952656,0.403660990979413
0.0261118853428985,0.490432998138403
0.0314825137905313,0.57091083141503
0.0369362080786596,0.646659717879972
0.0423899023667878,0.716822882908941
0.0478435966549161,0.781806509024004
0.0532972909430444,0.841989994167926
0.0590840899646935,0.900992732091906
0.0648708889863427,0.955370824757678
0.0706576880079919,1.00548014665744
0.076444487029641,1.05165196341848
0.0822805514771739,1.09453940794544
0.0881166159247068,1.13401815907938
0.0939526803722397,1.17035265820056
0.0997887448197726,1.2037889376712
0.105623584883748,1.23454771035713
0.111458424947723,1.26284239969215
0.117293265011699,1.28886413845773
0.123128105075674,1.31279075597019
0.128962975559942,1.33478636728436
0.134797846044209,1.35499991926046
0.140632716528477,1.3735696534615
0.146467587012745,1.39062418934154
0.152302456741204,1.40628214567783
0.158137326469663,1.42065134651704
0.163972196198122,1.43383177680038
0.169807065926582,1.44591646215342
0.175641935673817,1.45699119652121
0.181476805421053,1.46713396330355
0.187311675168288,1.47641707786936
0.193146544915524,1.4849078221692
0.198981414662289,1.4926682477185
0.204816284409054,1.49975475700591
0.21065115415582,1.50621965301073
0.216486023902585,1.51211159822501
0.222320893649366,1.51747547215899
0.228155763396148,1.52235206858763
0.233990633142929,1.52677921626139
0.239825502889711,1.53079211089959
0.245660372636493,1.53442321212926
0.251495242383275,1.53770202451471
0.257330112130057,1.54065590812657
0.26316498187684,1.54331031866043
0.268999851623622,1.54568873289653
0.274834721370404,1.54781249032641
0.280669591117186,1.54970137940787
0.286504460863968,1.55137381123398
0.292339330610746,1.55284676562081
0.298174200357524,1.55413567656175
0.304009070104302,1.55525485624433
0.309843939851079,1.5562176206586
0.315678809597859,1.55703625060436
0.321513679344639,1.55772190884454
0.327348549091419,1.55828494678093
0.333183418838199,1.55873499530221
0.33901828858498,1.5590809365819
0.344853158331761,1.55933084415837
0.350688028078543,1.55949220474225
0.356522897825324,1.55957198392345
0.362648328599011,1.55957498212558
0.368773759372697,1.55950189020001
0.374899190146384,1.55935893300864
0.381024620920071,1.55915188540991
0.387552027203412,1.55886667473617
0.394079433486753,1.55852048976256
0.400606839770094,1.55811864387108
0.407134246053435,1.55766604743984
0.414109214859167,1.55713139529177
0.421084183664899,1.55654880127969
0.428059152470631,1.55592273263071
0.435034121276363,1.55525730107751
0.442519286861379,1.55450365852835
0.450004452446396,1.55371305861503
0.457489618031412,1.55288920667245
0.464974783616429,1.55203549855628
0.473045418663804,1.55108508181777
0.48111605371118,1.55010686341709
0.489186688758555,1.54910386778833
0.49725732380593,1.54807885437522
0.506005986203011,1.54694572098588
0.514754648600091,1.54579231699739
0.523503310997171,1.54462106508244
0.532251973394251,1.5434341656643
0.541793918953303,1.54212409257787
0.551335864512355,1.54079985936546
0.560877810071407,1.53946336377448
0.570419755630458,1.53811632205106
0.580900733474253,1.53662635194308
0.591381711318047,1.53512711555581
0.601862689161841,1.53362005986887
0.612343667005636,1.5321064888268
0.623951242134753,1.53042398440094
0.635558817263871,1.52873609706478
0.647166392392989,1.52704389403193
0.658773967522106,1.52534833532585
0.671273967522106,1.52351960257075
0.683773967522106,1.52168871214012
0.696273967522106,1.51985634656306
0.708773967522106,1.518023120253
0.721273967522106,1.51618955041991
0.733773967522106,1.51435602214995
0.746273967522106,1.51252287506309
0.758773967522106,1.51069041475127
0.771273967522106,1.50885889824657
0.783773967522106,1.50702851657544
0.796273967522106,1.50519943805172
0.808773967522106,1.50337181399092
0.821273967522106,1.50154577145037
0.833773967522106,1.49972140451353
0.846273967522106,1.49789879591857
0.858773967522106,1.49607801991318
0.871273967522106,1.49425913862763
0.883773967522106,1.49244219772053
0.896273967522107,1.49062723718416
0.908773967522106,1.48881429277074
0.921273967522106,1.48700339418037
0.933773967522107,1.4851945628858
0.946273967522107,1.48338781753058
0.958773967522107,1.48158317464159
0.971273967522106,1.4797806477238
0.983773967522107,1.47798024617353
0.996273967522107,1.47618197797526
1.00877396752211,1.47438585005767
1.02127396752211,1.47259186784131
1.03377396752211,1.47080003469574
1.04627396752211,1.46901035328681
1.05877396752211,1.46722282575447
1.07127396752211,1.4654374534869
1.08377396752211,1.46365423684918
1.09627396752211,1.46187317585646
1.10877396752211,1.46009427026276
1.12127396752211,1.45831751944812
1.13377396752211,1.45654292228306
1.14627396752211,1.45477047746487
1.15877396752211,1.45300018356197
1.17127396752211,1.45123203895754
1.18377396752211,1.44946604178182
1.19627396752211,1.44770219008006
1.20877396752211,1.44594048183475
1.22127396752211,1.44418091493741
1.23377396752211,1.44242348715476
1.24627396752211,1.44066819621268
1.25877396752211,1.43891503980723
1.27127396752211,1.43716401559062
1.28377396752211,1.4354151211543
1.29627396752211,1.43366835407087
1.30877396752211,1.43192371189961
1.32127396752211,1.43018119217947
1.33377396752211,1.4284407924206
1.34627396752211,1.42670251012531
1.35877396752211,1.42496634279081
1.37127396752211,1.42323228790573
1.38377396752211,1.42150034294584
1.39627396752211,1.41977050538459
1.40877396752211,1.41804277269442
1.42127396752211,1.41631714234502
1.43377396752211,1.41459361180126
1.44627396752211,1.41287217852834
1.45877396752211,1.41115283999253
1.46908047564158,1.409736783686
1.47938698376105,1.40832214831044
1.48969349188053,1.40690893244605
1.5,1.40549713467387
1.5,1.40549713467387
1.5025,1.43958301078306
1.505,1.47248630183484
1.5075,1.50424733155656
1.51,1.53490509567383
1.51591946920346,1.60331486448622
1.52183893840691,1.6662182277554
1.52775840761037,1.72404816689077
1.53367787681382,1.77720718369742
1.53951064574114,1.82537976426425
1.54534341466845,1.86969936406538
1.55117618359577,1.91046474556672
1.55700895252309,1.94795388220987
1.5628438744666,1.98243534182648
1.56867879641012,2.01412799412354
1.57451371835363,2.04324817735383
1.58034864029715,2.06999717174803
1.58618350874707,2.09456039438215
1.592018377197,2.117106829563
1.59785324564692,2.13779294213664
1.60368811409685,2.15676430642992
1.60952298387585,2.17415518376912
1.61535785365485,2.19008760478204
1.62119272343385,2.20467473472704
1.62702759321285,2.21802186214138
1.63286246295883,2.23022609046746
1.63869733270481,2.24137568321161
1.64453220245078,2.25155248854156
1.65036707219676,2.26083265768115
1.65620194194356,2.26928642192373
1.66203681169036,2.27697761885436
1.66787168143716,2.28396544613699
1.67370655118396,2.29030498104461
1.67954142093073,2.29604701918038
1.68537629067751,2.30123773181411
1.69121116042429,2.30591993432953
1.69704603017106,2.31013346198248
1.70288089991784,2.31391505325374
1.70871576966463,2.31729810201307
1.71455063941141,2.32031357494074
1.72038550915819,2.32299028329961
1.72622037890496,2.32535479856858
1.73205524865174,2.32743127319184
1.73789011839852,2.32924210411632
1.7437249881453,2.33080812935449
1.74955985789208,2.3321485669651
1.75539472763886,2.33328088540771
1.76122959738565,2.33422128345502
1.76706446713243,2.33498483235955
1.77289933687921,2.33558543172065
1.77873420662598,2.33603571571666
1.78456907637276,2.33634740020795
1.79040394611954,2.33653138556089
1.79623881586632,2.33659772472805
1.8020736856131,2.33655555542935
1.80790855535988,2.33641335119901
1.81374342510666,2.33617899575434
1.81971901593006,2.33585107099488
1.82569460675346,2.33544121236909
1.83167019757686,2.33495598227878
1.83764578840025,2.33440147771962
1.84401757863806,2.33374020592705
1.85038936887586,2.33301269589777
1.85676115911367,2.33222460754229
1.86313294935147,2.33138117913457
1.86993046440554,2.33042578840352
1.8767279794596,2.32941808810238
1.88352549451367,2.32836285692733
1.89032300956774,2.32726450020543
1.89760580052088,2.32604442907407
1.90488859147402,2.32478383117732
1.91217138242717,2.32348669215135
1.91945417338031,2.3221566707929
1.927291943514,2.3206923458854
1.93512971364769,2.31919738270167
1.94296748378138,2.31767505521824
1.95080525391507,2.31612835567161
1.95928346443534,2.31443093371657
1.96776167495561,2.31271107373182
1.97623988547588,2.31097141795854
1.98471809599615,2.30921437033096
1.98853857199711,2.30841749974566
1.99235904799807,2.30761770414661
1.99617952399904,2.30681515083001
2,2.3060099989524
2,2.3060099989524
2.0025,2.33990991430034
2.005,2.37262615356347
2.0075,2.40419907947581
2.01,2.43466772548462
2.01591946920318,2.50262586906763
2.02183893840636,2.56507257728347
2.02775840760954,2.62244125034829
2.03367787681272,2.67513477938009
2.03951064574005,2.72284490972179
2.04534341466738,2.76669862008116
2.05117618359471,2.80699496186044
2.05700895252205,2.84401217732091
2.06284387446557,2.87801890658417
2.06867879640909,2.90923441862612
2.07451371835262,2.93787526087739
2.08034864029614,2.96414290817555
2.08618350874606,2.98822296149971
2.09201837719598,3.01028456386078
2.0978532456459,3.03048433134596
2.10368811409582,3.048967978985
2.10952298387483,3.06586989774486
2.11535785365383,3.08131223628942
2.12119272343284,3.09540826921923
2.12702759321185,3.10826338679187
2.13286246295782,3.11997478625261
2.1386973327038,3.13063081635097
2.14453220244977,3.14031340429296
2.15036707219575,3.1490987748281
2.15620194194256,3.15705722704694
2.16203681168937,3.16425266014503
2.16787168143617,3.17074432890698
2.17370655118298,3.1765873637394
2.17954142092976,3.18183260923593
2.18537629067654,3.1865262811822
2.19121116042333,3.19071123623049
2.19704603017011,3.19442734802151
2.20288089991689,3.19771139042441
2.20871576966368,3.20059678946093
2.21455063941046,3.20311454161476
2.22038550915724,3.20529348586651
2.22622037890403,3.2071602192456
2.23205524865081,3.20873891740604
2.2378901183976,3.21005199880591
2.24372498814438,3.21112032146043
2.24955985789117,3.21196312186364
2.25539472763795,3.21259788521743
2.26122959738474,3.21304082580832
2.26706446713153,3.21330702931166
2.27289933687831,3.21341040861598
2.27873420662509,3.21336360996441
2.28456907637187,3.21317836039354
2.29040394611866,3.21286557065697
2.29623881586543,3.21243530327455
2.3020736856122,3.21189670464795
2.30790855535897,3.21125825635054
2.31374342510575,3.21052784956812
2.31971786013182,3.20969228675891
2.3256922951579,3.20877503642793
2.33166673018398,3.20778266351102
2.33764116521005,3.20672126741617
2.34401175433489,3.20551976902029
2.35038234345973,3.20425232274054
2.35675293258456,3.20292459106687
2.3631235217094,3.201541814705
2.36991966936814,3.20001138793673
2.37671581702688,3.19842899420519
2.38351196468563,3.19679941446421
2.39030811234437,3.19512705615677
2.3975893461516,3.19329241609947
2.40487057995882,3.19141765306128
2.41215181376605,3.18950675463221
2.41943304757328,3.18756338142518
2.42726902899167,3.1854394527665
2.43510501041005,3.183285362564
2.44294099182844,3.18110438642956
2.45077697324683,3.17889951810203
2.45925311029825,3.17649072848328
2.46772924734967,3.17406006618204
2.4762053844011,3.17161017473702
2.48468152145252,3.16914345925245
2.49390357852383,3.16644305575746
2.50312563559515,3.16372761079386
2.51234769266647,3.16099921351355
2.52156974973778,3.15825975617905
2.53167065915423,3.15524851079187
2.54177156857068,3.15222781629184
2.55187247798713,3.14919928257747
2.56197338740357,3.14616436203778
2.57312302507579,3.14280844117854
2.58427266274801,3.13944765196216
2.59542230042023,3.13608319715089
2.60657193809245,3.13271615889302
2.61899157527203,3.1289636899786
2.63141121245161,3.12521016542203
2.6438308496312,3.12145644936837
2.65625048681078,3.1177033193861
2.66875048681078,3.11392715877551
2.68125048681078,3.11015275341201
2.69375048681078,3.10638054170086
2.70625048681078,3.10261091791667
2.71875048681078,3.09884421335602
2.73125048681078,3.09508067371097
2.74375048681078,3.09132051521855
2.75625048681078,3.08756393207209
2.76875048681078,3.08381108700534
2.78125048681078,3.08006209998857
2.79375048681078,3.07631707628009
2.80625048681078,3.07257611012884
2.81875048681078,3.06883928007036
2.83125048681078,3.06510664327949
2.84375048681078,3.06137824958454
2.85625048681078,3.05765414331705
2.86875048681078,3.05393436096167
2.88125048681078,3.05021892833492
2.89375048681078,3.04650786758644
2.90625048681078,3.04280119812305
2.91875048681078,3.03909893543477
2.93125048681078,3.03540108968524
2.94375048681078,3.03170766920954
2.95625048681078,3.02801868097579
2.96875048681078,3.02433412999863
2.98125048681078,3.02065401863505
2.99375048681078,3.01697834833181
3.00625048681078,3.01330711985607
3.01875048681078,3.00964033300236
3.03125048681078,3.00597798624079
3.04375048681078,3.00232007759002
3.05625048681078,2.99866660473247
3.06875048681078,2.99501756486795
3.08125048681078,2.99137295453789
3.09375048681078,2.98773277006145
3.10625048681078,2.98409700759309
3.11875048681078,2.98046566304943
3.13125048681078,2.97683873202145
3.14375048681078,2.97321620999234
3.15625048681078,2.96959809236627
3.16875048681078,2.96598437443184
3.18125048681078,2.96237505131822
3.19375048681078,2.95877011810398
3.20625048681078,2.95516956983145
3.21875048681078,2.95157340148846
3.23125048681078,2.94798160798642
3.24375048681078,2.94439418421471
3.25625048681078,2.94081112504783
3.26875048681078,2.93723242533624
3.28125048681078,2.93365807989551
3.29375048681078,2.93008808353335
3.30625048681078,2.92652243105327
3.31875048681078,2.92296111725001
3.33125048681078,2.91940413690404
3.34375048681078,2.91585148479513
3.35625048681078,2.91230315570414
3.36875048681078,2.90875914441072
3.38125048681078,2.90521944569061
3.39375048681078,2.90168405432237
3.40625048681078,2.89815296508829
3.41875048681078,2.89462617277323
3.43125048681078,2.89110367216326
3.44375048681078,2.88758545804904
3.45625048681078,2.88407152522626
3.46875048681078,2.88056186849504
3.48125048681078,2.87705648265928
3.49375048681078,2.87355536252831
3.50625048681078,2.87005850291713
3.51875048681078,2.8665658986461
3.53125048681078,2.86307754454061
3.54375048681078,2.85959343543191
3.55625048681078,2.85611356615719
3.56875048681078,2.85263793155947
3.58125048681078,2.84916652648741
3.59375048681078,2.84569934579572
3.60625048681078,2.84223638434517
3.61875048681078,2.8387776370026
3.63125048681078,2.83532309864074
3.64375048681078,2.83187276413849
3.65625048681078,2.82842662838085
3.66875048681078,2.82498468625895
3.68125048681078,2.82154693266999
3.69375048681078,2.81811336251732
3.70625048681078,2.81468397071043
3.71875048681078,2.81125875216496
3.73125048681078,2.80783770180267
3.74375048681078,2.80442081455145
3.75625048681078,2.80100808534537
3.76875048681078,2.79759950912459
3.78125048681078,2.79419508083543
3.79375048681078,2.79079479543034
3.80625048681078,2.78739864786788
3.81875048681078,2.78400663311275
3.83125048681078,2.78061874613575
3.84375048681078,2.7772349819138
3.85625048681078,2.77385533542991
3.86875048681078,2.77047980167321
3.88125048681078,2.76710837563891
3.89375048681078,2.7637410523283
3.90625048681078,2.76037782674876
3.91875048681078,2.75701869391373
3.93125048681078,2.75366364884273
3.94375048681078,2.75031268656132
3.95625048681078,2.74696580210113
3.96875048681078,2.74362299049982
3.98125048681078,2.7402842468011
3.99375048681078,2.7369495660547
4.00625048681078,2.73361894331637
4.01875048681078,2.73029237364789
4.03125048681078,2.72696985211703
4.04375048681078,2.72365137379759
4.05625048681078,2.72033693376933
4.06875048681078,2.71702652711802
4.08125048681078,2.7137201489354
4.09375048681078,2.71041779431919
4.10625048681078,2.70711945837307
4.11875048681078,2.70382513620667
4.13125048681078,2.70053482293559
4.14375048681078,2.69724851368137
4.15625048681078,2.69396620357147
4.16875048681078,2.69068788773929
4.18125048681078,2.68741356132415
4.19375048681078,2.6841432194713
4.20625048681078,2.68087685733187
4.21875048681078,2.67761447006291
4.23125048681078,2.67435605282736
4.24375048681078,2.67110160079405
4.25625048681078,2.66785110913767
4.26875048681078,2.6646045730388
4.28125048681077,2.66136198768389
4.29375048681077,2.65812334826523
4.30625048681078,2.65488864998098
4.31875048681078,2.65165788803511
4.33125048681078,2.64843105763747
4.34375048681077,2.6452081540037
4.35625048681077,2.6419891723553
4.36875048681078,2.63877410791954
4.38125048681077,2.63556295592955
4.39375048681077,2.63235571162421
4.40625048681077,2.62915237024824
4.41875048681077,2.6259529270521
4.43125048681078,2.62275737729207
4.44375048681077,2.61956571623018
4.45625048681077,2.61637793913424
4.46875048681077,2.61319404127779
4.48125048681077,2.61001401794017
4.49375048681077,2.60683786440643
4.50625048681077,2.60366557596735
4.51875048681077,2.60049714791947
4.53125048681077,2.59733257556504
4.54375048681077,2.59417185421201
4.55625048681077,2.59101497917408
4.56875048681077,2.58786194577061
4.58125048681077,2.58471274932667
4.59375048681077,2.58156738517305
4.60625048681077,2.57842584864617
4.61875048681077,2.57528813508816
4.63125048681077,2.57215423984681
4.64375048681077,2.56902415827558
4.65625048681077,2.56589788573355
4.66875048681077,2.56277541758549
4.68125048681077,2.55965674920179
4.69375048681077,2.55654187595848
4.70625048681077,2.55343079323721
4.71875048681077,2.55032349642525
4.73125048681077,2.54721998091548
4.74375048681077,2.54412024210642
4.75625048681077,2.54102427540215
4.76875048681077,2.53793207621234
4.78125048681077,2.53484363995228
4.79375048681077,2.53175896204282
4.80625048681077,2.52867803791038
4.81875048681077,2.52560086298694
4.83125048681077,2.52252743271006
4.84375048681077,2.51945774252285
4.85625048681077,2.51639178787393
4.86875048681077,2.5133295642175
4.88125048681077,2.51027106701328
4.89375048681077,2.5072162917265
4.90625048681077,2.50416523382792
4.91875048681077,2.50111788879382
4.93125048681077,2.49807425210596
4.94375048681077,2.49503431925164
4.95625048681077,2.49199808572361
4.96875048681077,2.48896554702011
4.98125048681077,2.48593669864489
4.99375048681077,2.48291153610715
5.00625048681077,2.47989005492154
5.01875048681077,2.47687225060818
5.03125048681077,2.47385811869267
5.04375048681077,2.47084765470602
5.05625048681077,2.46784085418468
5.06875048681077,2.46483771267055
5.08125048681077,2.46183822571094
5.09375048681077,2.45884238885859
5.10625048681077,2.45585019767164
5.11875048681077,2.45286164771364
5.13125048681077,2.44987673455354
5.14375048681077,2.4468954537657
5.15625048681077,2.44391780092983
5.16875048681077,2.44094377163104
5.18125048681077,2.43797336145981
5.19375048681077,2.43500656601198
5.20625048681077,2.43204338088877
5.21875048681077,2.42908380169673
5.23125048681077,2.42612782404776
5.24375048681077,2.42317544355911
5.25625048681077,2.42022665585336
5.26875048681077,2.4172814565584
5.28125048681077,2.41433984130748
5.29375048681077,2.41140180573912
5.30625048681077,2.40846734549717
5.31875048681077,2.40553645623077
5.33125048681077,2.40260913359438
5.34375048681077,2.39968537324772
5.35625048681077,2.39676517085581
5.36875048681077,2.39384852208892
5.38125048681077,2.39093542262263
5.39375048681077,2.38802586813774
5.40625048681077,2.38511985432033
5.41875048681077,2.38221737686173
5.43125048681077,2.3793184314585
5.44375048681077,2.37642301381245
5.45625048681077,2.37353111963061
5.46875048681077,2.37064274462525
5.48125048681077,2.36775788451383
5.49375048681077,2.36487653501905
5.50625048681077,2.36199869186881
5.51875048681077,2.35912435079618
5.53125048681077,2.35625350753947
5.54375048681077,2.35338615784214
5.55625048681077,2.35052229745284
5.56875048681077,2.34766192212539
5.58125048681077,2.34480502761879
5.59375048681077,2.3419516096972
5.60625048681077,2.3391016641299
5.61875048681077,2.33625518669137
5.63125048681077,2.3334121731612
5.64375048681077,2.33057261932412
5.65625048681077,2.32773652097
5.66875048681077,2.32490387389381
5.68125048681077,2.32207467389568
5.69375048681077,2.31924891678081
5.70625048681077,2.31642659835951
5.71875048681077,2.31360771444721
5.73125048681077,2.31079226086442
5.74375048681077,2.30798023343673
5.75625048681077,2.30517162799483
5.76875048681077,2.30236644037444
5.78125048681077,2.29956466641641
5.79375048681077,2.2967663019666
5.80625048681077,2.29397134287594
5.81875048681077,2.29117978500042
5.83125048681077,2.28839162420107
5.84375048681077,2.28560685634395
5.85625048681077,2.28282547730015
5.86875048681077,2.28004748294578
5.88125048681077,2.27727286916199
5.89375048681077,2.27450163183492
5.90625048681077,2.27173376685572
5.91875048681077,2.26896927012056
5.93125048681077,2.26620813753057
5.94375048681077,2.2634503649919
5.95625048681077,2.26069594841566
5.96875048681077,2.25794488371795
5.98125048681077,2.25519716681983
5.99375048681077,2.25245279364733
6.00625048681077,2.24971176013143
6.01875048681077,2.24697406220807
6.03125048681077,2.24423969581813
6.04375048681077,2.24150865690744
6.05625048681077,2.23878094142675
6.06875048681077,2.23605654533174
6.08125048681077,2.23333546458302
6.09375048681077,2.23061769514611
6.10625048681077,2.22790323299143
6.11875048681077,2.22519207409432
6.13125048681077,2.22248421443502
6.14375048681077,2.21977964999864
6.15625048681077,2.21707837677519
6.16875048681077,2.21438039075957
6.18125048681077,2.21168568795153
6.19375048681077,2.2089942643557
6.20625048681077,2.20630611598158
6.21875048681077,2.20362123884351
6.23125048681077,2.2009396289607
6.24375048681077,2.19826128235718
6.25625048681077,2.19558619506184
6.26875048681077,2.19291436310839
6.28125048681077,2.19024578253536
6.29375048681077,2.18758044938613
6.30625048681077,2.18491835970887
6.31875048681077,2.18225950955656
6.33125048681077,2.17960389498698
6.34375048681077,2.17695151206274
6.35625048681077,2.1743023568512
6.36875048681077,2.17165642542451
6.38125048681077,2.16901371385964
6.39375048681077,2.16637421823829
6.40625048681077,2.16373793464694
6.41875048681077,2.16110485917685
6.43125048681077,2.15847498792402
6.44375048681077,2.1558483169892
6.45625048681077,2.15322484247789
6.46875048681077,2.15060456050033
6.48125048681077,2.14798746717149
6.49375048681077,2.14537355861108
6.50625048681077,2.14276283094351
6.51875048681077,2.14015528029791
6.53125048681077,2.13755090280815
6.54375048681077,2.13494969461278
6.55625048681077,2.13235165185504
6.56875048681077,2.12975677068287
6.58125048681077,2.12716504724892
6.59375048681077,2.12457647771051
6.60625048681077,2.12199105822961
6.61875048681077,2.1194087849729
6.63125048681077,2.11682965411169
6.64375048681077,2.11425366182199
6.65625048681077,2.11168080428441
6.66875048681077,2.10911107768426
6.68125048681077,2.10654447821146
6.69375048681077,2.10398100206057
6.70625048681077,2.1014206454308
6.71875048681077,2.09886340452597
6.73125048681077,2.09630927555451
6.74375048681077,2.09375825472948
6.75625048681077,2.09121033826855
6.76875048681077,2.08866552239398
6.78125048681077,2.08612380333264
6.79375048681077,2.08358517731598
6.80625048681077,2.08104964058005
6.81875048681077,2.07851718936546
6.83125048681077,2.07598781991741
6.84375048681077,2.07346152848567
6.85625048681077,2.07093831132457
6.86875048681077,2.06841816469299
6.88125048681077,2.06590108485437
6.89375048681077,2.06338706807671
6.90625048681077,2.06087611063254
6.91875048681077,2.0583682087989
6.93125048681077,2.05586335885741
6.94375048681077,2.05336155709418
6.95625048681077,2.05086279979986
6.96875048681077,2.04836708326958
6.98125048681077,2.04587440380303
6.99375048681077,2.04338475770436
7.00625048681077,2.04089814128224
7.01875048681077,2.03841455084981
7.03125048681077,2.03593398272473
7.04375048681077,2.03345643322911
7.05625048681077,2.03098189868955
7.06875048681077,2.02851037543713
7.08125048681076,2.02604185980736
7.09375048681077,2.02357634814026
7.10625048681077,2.02111383678025
7.11875048681077,2.01865432207624
7.13125048681077,2.01619780038157
7.14375048681076,2.013744268054
7.15625048681077,2.01129372145576
7.16875048681077,2.00884615695346
7.18125048681076,2.00640157091817
7.19375048681076,2.00395995972537
7.20625048681076,2.00152131975492
7.21875048681077,1.99908564739113
7.23125048681077,1.99665293902268
7.24375048681076,1.99422319104265
7.25625048681076,1.99179639984851
7.26875048681076,1.98937256184212
7.28125048681076,1.98695167342972
7.29375048681076,1.98453373102192
7.30625048681076,1.98211873103368
7.31875048681076,1.97970666988435
7.33125048681076,1.97729754399763
7.34375048681076,1.97489134980156
7.35625048681076,1.97248808372853
7.36875048681076,1.97008774221529
7.38125048681076,1.9676903217029
7.39375048681076,1.96529581863677
7.40625048681076,1.96290422946663
7.41875048681076,1.96051555064653
7.43125048681076,1.95812977863483
7.44375048681076,1.9557469098942
7.45625048681076,1.95336694089163
7.46875048681076,1.95098986809839
7.48125048681076,1.94861568799006
7.49375048681076,1.94624439704649
7.50625048681076,1.94387599175184
7.51875048681076,1.94151046859452
7.53125048681076,1.93914782406723
7.54375048681076,1.93678805466694
7.55625048681076,1.93443115689487
7.56875048681076,1.93207712725651
7.58125048681076,1.9297259622616
7.59375048681076,1.92737765842413
7.60625048681076,1.92503221226231
7.61875048681076,1.92268962029861
7.63125048681076,1.92034987905974
7.64375048681076,1.91801298507662
7.65625048681076,1.91567893488438
7.66875048681076,1.91334772502238
7.68125048681076,1.91101935203421
7.69375048681076,1.90869381246765
7.70625048681076,1.90637110287466
7.71875048681076,1.90405121981142
7.73125048681076,1.9017341598383
7.74375048681076,1.89941991951986
7.75625048681076,1.89710849542483
7.76875048681076,1.8947998841261
7.78125048681076,1.89249408220077
7.79375048681076,1.89019108623008
7.80625048681076,1.88789089279942
7.81875048681076,1.88559349849836
7.83125048681076,1.88329889992061
7.84375048681076,1.88100709366403
7.85625048681076,1.87871807633061
7.86875048681076,1.87643184452648
7.88125048681076,1.87414839486189
7.89375048681076,1.87186772395124
7.90625048681076,1.86958982841303
7.91875048681076,1.86731470486988
7.93125048681076,1.86504234994852
7.94375048681076,1.86277276027978
7.95625048681076,1.86050593249861
7.96875048681076,1.85824186324402
7.98125048681076,1.85598054915914
7.99375048681076,1.85372198689117
8.00625048681076,1.85146617309141
8.01875048681076,1.84921310441521
8.03125048681076,1.84696277752199
8.04375048681076,1.84471518907526
8.05625048681076,1.84247033574257
8.06875048681076,1.84022821419554
8.08125048681076,1.83798882110981
8.09375048681076,1.83575215316511
8.10625048681076,1.83351820704517
8.11875048681076,1.83128697943779
8.13125048681076,1.82905846703476
8.14375048681076,1.82683266653194
8.15625048681076,1.82460957462918
8.16875048681077,1.82238918803036
8.18125048681076,1.82017150344337
8.19375048681076,1.8179565175801
8.20625048681076,1.81574422715644
8.21875048681077,1.81353462889228
8.23125048681077,1.81132771951151
8.24375048681076,1.809123495742
8.25625048681077,1.8069219543156
8.26875048681077,1.80472309196813
8.28125048681077,1.80252690543941
8.29375048681077,1.80033339147319
8.30625048681077,1.7981425468172
8.31875048681077,1.79595436822314
8.33125048681077,1.79376885244665
8.34375048681077,1.79158599624731
8.35625048681077,1.78940579638866
8.36875048681077,1.78722824963816
8.38125048681077,1.78505335276723
8.39375048681077,1.7828811025512
8.40625048681077,1.78071149576933
8.41875048681077,1.77854452920478
8.43125048681077,1.77638019964466
8.44375048681077,1.77421850387996
8.45625048681077,1.7720594387056
8.46875048681077,1.76990300092037
8.48125048681077,1.76774918732699
8.49375048681077,1.76559799473204
8.50625048681077,1.76344941994601
8.51875048681077,1.76130345978325
8.53125048681077,1.759160111062
8.54375048681077,1.75701937060438
8.55625048681077,1.75488123523635
8.56875048681077,1.75274570178776
8.58125048681077,1.7506127670923
8.59375048681077,1.74848242798753
8.60625048681077,1.74635468131484
8.61875048681077,1.74422952391947
8.63125048681077,1.74210695265051
8.64375048681077,1.73998696436088
8.65625048681077,1.7378695559073
8.66875048681077,1.73575472415037
8.68125048681077,1.73364246595446
8.69375048681077,1.73153277818779
8.70625048681077,1.72942565772237
8.71875048681077,1.72732110143402
8.73125048681077,1.72521910620238
8.74375048681077,1.72311966891086
8.75625048681077,1.72102278644668
8.76875048681077,1.71892845570084
8.78125048681077,1.71683667356814
8.79375048681077,1.71474743694714
8.80625048681077,1.71266074274017
8.81875048681077,1.71057658785335
8.83125048681077,1.70849496919655
8.84375048681077,1.7064158836834
8.85625048681077,1.70433932823131
8.86875048681078,1.7022652997614
8.88125048681077,1.70019379519857
8.89375048681077,1.69812481147145
8.90625048681077,1.69605834551241
8.91875048681078,1.69399439425754
8.93125048681078,1.69193295464669
8.94375048681077,1.6898740236234
8.95625048681078,1.68781759813494
8.96875048681078,1.68576367513231
8.98125048681078,1.6837122515702
8.99375048681078,1.68166332440703
9.00625048681078,1.67961689060488
9.01875048681078,1.67757294712957
9.03125048681078,1.67553149095059
9.04375048681078,1.67349251904113
9.05625048681078,1.67145602837805
9.06875048681078,1.66942201594189
9.08125048681078,1.66739047871688
9.09375048681078,1.6653614136909
9.10625048681078,1.66333481785552
9.11875048681078,1.66131068820593
9.13125048681078,1.65928902174103
9.14375048681078,1.65726981546333
9.15625048681078,1.65525306637901
9.16875048681078,1.65323877149787
9.18125048681078,1.65122692783338
9.19375048681078,1.64921753240263
9.20625048681078,1.64721058222633
9.21875048681078,1.64520607432882
9.23125048681078,1.64320400573808
9.24375048681078,1.64120437348568
9.25625048681078,1.63920717460681
9.26875048681078,1.63721240614029
9.28125048681078,1.63522006512851
9.29375048681078,1.63323014861749
9.30625048681078,1.63124265365681
9.31875048681078,1.62925757729967
9.33125048681078,1.62727491660285
9.34375048681078,1.6252946686267
9.35625048681078,1.62331683043516
9.36875048681078,1.62134139909574
9.38125048681078,1.6193683716795
9.39375048681078,1.6173977452611
9.40625048681078,1.61542951691874
9.41875048681078,1.61346368373416
9.43125048681078,1.61150024279268
9.44375048681078,1.60953919118315
9.45625048681078,1.60758052599797
9.46875048681078,1.60562424433306
9.48125048681078,1.60367034328791
9.49375048681078,1.60171881996552
9.50625048681078,1.59976967147239
9.51875048681078,1.59782289491859
9.53125048681078,1.59587848741766
9.54375048681078,1.5939364460867
9.55625048681078,1.59199676804627
9.56875048681079,1.59005945042047
9.58125048681078,1.58812449033688
9.59375048681078,1.58619188492659
9.60625048681078,1.58426163132417
9.61875048681079,1.58233372666767
9.63125048681079,1.58040816809864
9.64375048681078,1.57848495276211
9.65625048681079,1.57656407780657
9.66875048681079,1.57464554038397
9.68125048681079,1.57272933764977
9.69375048681079,1.57081546676285
9.70625048681079,1.56890392488555
9.71875048681079,1.56699470918369
9.73125048681079,1.56508781682651
9.74375048681079,1.56318324498672
9.75625048681079,1.56128099084044
9.76875048681079,1.55938105156726
9.78125048681079,1.55748342435019
9.79375048681079,1.55558810637565
9.80625048681079,1.55369509483351
9.81875048681079,1.55180438691703
9.83125048681079,1.54991597982293
9.84375048681079,1.5480298707513
9.85625048681079,1.54614605690565
9.86875048681079,1.5442645354929
9.88125048681079,1.54238530372336
9.89375048681079,1.54050835881075
9.90625048681079,1.53863369797217
9.91875048681079,1.53676131842808
9.93125048681079,1.53489121740238
9.94375048681079,1.5330233921223
9.95625048681079,1.53115783981847
9.96875048681079,1.52929455772487
9.98125048681079,1.52743354307887
9.99375048681079,1.52557479312118
10.0062504868108,1.52371830509588
10.0187504868108,1.52186407625041
10.0312504868108,1.52001210383553
10.0437504868108,1.51816238510538
10.0562504868108,1.51631491731743
10.0687504868108,1.51446969773247
10.0812504868108,1.51262672361465
10.0937504868108,1.51078599223144
10.1062504868108,1.50894750085363
10.1187504868108,1.50711124675532
10.1312504868108,1.50527722721396
10.1437504868108,1.50344543951029
10.1562504868108,1.50161588092835
10.1687504868108,1.49978854875551
10.1812504868108,1.49796344028243
10.1937504868108,1.49614055280306
10.2062504868108,1.49431988361466
10.2187504868108,1.49250143001776
10.2312504868108,1.49068518931618
10.2437504868108,1.48887115881703
10.2562504868108,1.48705933583069
10.2687504868108,1.48524971767082
10.2812504868108,1.48344230165433
10.2937504868108,1.48163708510143
10.3062504868108,1.47983406533554
10.3187504868108,1.47803323968339
10.3312504868108,1.47623460547494
10.3437504868108,1.47443816004339
10.3562504868108,1.47264390072519
10.3687504868108,1.47085182486005
10.3812504868108,1.46906192979089
10.3937504868108,1.46727421286388
10.4062504868108,1.46548867142842
10.4187504868108,1.46370530283713
10.4312504868108,1.46192410444585
10.4437504868108,1.46014507361365
10.4562504868108,1.45836820770279
10.4687504868108,1.45659350407876
10.4812504868108,1.45482096011026
10.4937504868108,1.45305057316917
10.5062504868108,1.45128234063058
10.5187504868108,1.44951625987279
10.5312504868108,1.44775232827726
10.5437504868108,1.44599054322866
10.5562504868108,1.44423090211483
10.5687504868108,1.44247340232679
10.5812504868108,1.44071804125875
10.5937504868108,1.43896481630807
10.6062504868108,1.43721372487529
10.6187504868108,1.43546476436411
10.6312504868108,1.43371793218138
10.6437504868108,1.43197322573713
10.6562504868108,1.43023064244451
10.6687504868108,1.42849017971985
10.6812504868108,1.4267518349826
10.6937504868108,1.42501560565536
10.7062504868108,1.42328148916386
10.7187504868108,1.42154948293698
10.7312504868108,1.41981958440671
10.7437504868108,1.41809179100817
10.7562504868108,1.4163661001796
10.7687504868108,1.41464250936237
10.7812504868108,1.41292101600095
10.7937504868108,1.41120161754292
10.8062504868108,1.40948431143898
10.8187504868108,1.40776909514291
10.8312504868108,1.40605596611161
10.8437504868108,1.40434492180506
10.8562504868108,1.40263595968634
10.8687504868108,1.40092907722161
10.8812504868108,1.39922427188012
10.8937504868108,1.3975215411342
10.9062504868108,1.39582088245925
10.9187504868108,1.39412229333374
10.9312504868108,1.39242577123921
10.9437504868108,1.39073131366029
10.9562504868108,1.38903891808463
10.9687504868108,1.38734858200296
10.9812504868108,1.38566030290906
10.9937504868108,1.38397407829977
11.0062504868108,1.38228990567495
11.0187504868108,1.38060778253753
11.0312504868108,1.37892770639346
11.0437504868108,1.37724967475174
11.0562504868108,1.37557368512439
11.0687504868108,1.37389973502645
11.0812504868108,1.37222782197602
11.0937504868108,1.37055794349417
11.1062504868108,1.36889009710503
11.1187504868108,1.36722428033571
11.1312504868108,1.36556049071636
11.1437504868108,1.36389872578011
11.1562504868108,1.36223898306311
11.1687504868108,1.36058126010448
11.1812504868108,1.35892555444638
11.1937504868108,1.35727186363393
11.2062504868108,1.35562018521523
11.2187504868108,1.35397051674138
11.2312504868108,1.35232285576647
11.2437504868108,1.35067719984754
11.2562504868108,1.34903354654462
11.2687504868108,1.34739189342071
11.2812504868108,1.34575223804177
11.2937504868108,1.34411457797672
11.3062504868108,1.34247891079744
11.3187504868108,1.34084523407877
11.3312504868108,1.3392135453985
11.3437504868108,1.33758384233736
11.3562504868108,1.33595612247903
11.3687504868108,1.33433038341013
11.3812504868108,1.33270662272022
11.3937504868108,1.33108483800178
11.4062504868108,1.32946502685024
11.4187504868108,1.32784718686394
11.4312504868108,1.32623131564415
11.4437504868108,1.32461741079506
11.4562504868108,1.32300546992377
11.4687504868108,1.3213954906403
11.4812504868108,1.31978747055756
11.4937504868108,1.31818140729139
11.5062504868108,1.31657729846051
11.5187504868108,1.31497514168656
11.5312504868108,1.31337493459405
11.5437504868108,1.3117766748104
11.5562504868108,1.3101803599659
11.5687504868108,1.30858598769374
11.5812504868108,1.30699355562998
11.5937504868108,1.30540306141357
11.6062504868108,1.30381450268631
11.6187504868108,1.30222787709288
11.6312504868108,1.30064318228085
11.6437504868108,1.29906041590061
11.6562504868108,1.29747957560544
11.6687504868108,1.29590065905147
11.6812504868108,1.29432366389767
11.6937504868108,1.29274858780588
11.7062504868108,1.29117542844077
11.7187504868108,1.28960418346984
11.7312504868108,1.28803485056346
11.7437504868108,1.28646742739482
11.7562504868108,1.28490191163993
11.7687504868108,1.28333830097764
11.7812504868108,1.28177659308963
11.7937504868108,1.28021678566039
11.8062504868108,1.27865887637722
11.8187504868108,1.27710286293026
11.8312504868108,1.27554874301245
11.8437504868108,1.27399651431953
11.8562504868108,1.27244617455004
11.8687504868108,1.27089772140533
11.8812504868108,1.26935115258956
11.8937504868108,1.26780646580966
11.9062504868108,1.26626365877537
11.9187504868108,1.26472272919919
11.9312504868108,1.26318367479644
11.9437504868108,1.26164649328519
11.9562504868108,1.26011118238631
11.9687504868108,1.25857773982342
11.9812504868108,1.25704616332292
11.9937504868108,1.255516450614
12.0062504868108,1.25398859942857
12.0187504868108,1.25246260750133
12.0312504868108,1.25093847256974
12.0437504868108,1.24941619237398
12.0562504868108,1.24789576465702
12.0687504868108,1.24637718716456
12.0812504868108,1.24486045764503
12.0937504868108,1.24334557384962
12.1062504868108,1.24183253353225
12.1187504868108,1.24032133444956
12.1312504868108,1.23881197436095
12.1437504868108,1.23730445102852
12.1562504868108,1.23579876221711
12.1687504868108,1.23429490569425
12.1812504868108,1.23279287923023
12.1937504868108,1.23129268059803
12.2062504868108,1.22979430757334
12.2187504868108,1.22829775793455
12.2312504868108,1.22680302946277
12.2437504868108,1.2253101199418
12.2562504868108,1.22381902715815
12.2687504868108,1.222329748901
12.2812504868108,1.22084228296224
12.2937504868108,1.21935662713644
12.3062504868108,1.21787277922085
12.3187504868108,1.21639073701541
12.3312504868108,1.21491049832273
12.3437504868108,1.2134320609481
12.3562504868108,1.21195542269948
12.3687504868108,1.21048058138748
12.3812504868108,1.2090075348254
12.3937504868108,1.20753628082919
12.4062504868108,1.20606681721745
12.4187504868108,1.20459914181145
12.4312504868108,1.20313325243511
12.4437504868108,1.20166914691498
12.4562504868108,1.20020682308026
12.4687504868108,1.19874627876282
12.4812504868108,1.19728751179713
12.4937504868108,1.19583052002032
12.5062504868108,1.19437530127214
12.5187504868108,1.19292185339497
12.5312504868108,1.19147017423382
12.5437504868108,1.19002026163633
12.5562504868108,1.18857211345274
12.5687504868108,1.18712572753591
12.5812504868108,1.18568110174134
12.5937504868108,1.1842382339271
12.6062504868108,1.1827971219539
12.6187504868108,1.18135776368503
12.6312504868108,1.17992015698638
12.6437504868108,1.17848429972646
12.6562504868108,1.17705018977636
12.6687504868108,1.17561782500975
12.6812504868108,1.1741872033029
12.6937504868108,1.17275832253467
12.7062504868108,1.17133118058649
12.7187504868108,1.16990577534236
12.7312504868108,1.16848210468889
12.7437504868108,1.16706016651521
12.7562504868108,1.16563995871308
12.7687504868108,1.16422147917676
12.7812504868108,1.16280472580313
12.7937504868108,1.16138969649159
12.8062504868108,1.15997638914411
12.8187504868108,1.15856480166522
12.8312504868108,1.157154931962
12.8437504868108,1.15574677794406
12.8562504868108,1.15434033752357
12.8687504868108,1.15293560861523
12.8812504868108,1.15153258913628
12.8937504868108,1.15013127700652
12.9062504868108,1.14873167014823
12.9187504868108,1.14733376648626
12.9312504868108,1.14593756394797
12.9437504868108,1.14454306046325
12.9562504868108,1.1431502539645
12.9687504868108,1.14175914238664
12.9812504868108,1.14036972366711
12.9937504868108,1.13898199574584
13.0062504868108,1.13759595656528
13.0187504868108,1.1362116040704
13.0312504868108,1.13482893620863
13.0437504868108,1.13344795092995
13.0562504868108,1.13206864618679
13.0687504868108,1.13069101993409
13.0812504868108,1.12931507012928
13.0937504868108,1.12794079473227
13.1062504868108,1.12656819170546
13.1187504868108,1.12519725901372
13.1312504868108,1.1238279946244
13.1437504868108,1.12246039650734
13.1562504868108,1.12109446263482
13.1687504868108,1.11973019098161
13.1812504868108,1.11836757952493
13.1937504868108,1.11700662624448
13.2062504868108,1.11564732912241
13.2187504868108,1.1142896861433
13.2312504868108,1.11293369529424
13.2437504868108,1.11157935456471
13.2562504868108,1.11022666194668
13.2687504868108,1.10887561543452
13.2812504868108,1.1075262130251
13.2937504868108,1.10617845271767
13.3062504868108,1.10483233251394
13.3187504868108,1.10348785041806
13.3312504868108,1.1021450044366
13.3437504868108,1.10080379257855
13.3562504868108,1.09946421285533
13.3687504868108,1.09812626328077
13.3812504868108,1.09678994187114
13.3937504868108,1.09545524664509
13.4062504868108,1.09412217562372
13.4187504868108,1.09279072683051
13.4312504868108,1.09146089829135
13.4437504868108,1.09013268803453
13.4562504868108,1.08880609409076
13.4687504868108,1.08748111449313
13.4812504868108,1.08615774727711
13.4937504868108,1.0848359904806
13.5062504868108,1.08351584214384
13.5187504868108,1.08219730030949
13.5312504868108,1.08088036302257
13.5437504868108,1.07956502833051
13.5562504868108,1.07825129428308
13.5687504868108,1.07693915893244
13.5812504868108,1.07562862033312
13.5937504868108,1.07431967654202
13.6062504868108,1.0730123256184
13.6187504868108,1.07170656562388
13.6312504868108,1.07040239462244
13.6437504868108,1.06909981068042
13.6562504868108,1.06779881186651
13.6687504868108,1.06649939625176
13.6812504868108,1.06520156190954
13.6937504868108,1.0639053069156
13.7062504868108,1.06261062934801
13.7187504868108,1.06131752728718
13.7312504868108,1.06002599881586
13.7437504868108,1.05873604201913
13.7562504868108,1.0574476549844
13.7687504868108,1.05616083580142
13.7812504868108,1.05487558256225
13.7937504868108,1.05359189336128
13.8062504868108,1.05230976629521
13.8187504868108,1.05102919946306
13.8312504868108,1.04975019096617
13.8437504868108,1.04847273890819
13.8562504868108,1.04719684139506
13.8687504868108,1.04592249653504
13.8812504868108,1.04464970243871
13.8937504868108,1.0433784572189
13.9062504868108,1.04210875899079
13.9187504868108,1.04084060587181
13.9312504868108,1.03957399598172
13.9437504868108,1.03830892744254
13.9562504868108,1.03704539837857
13.9687504868108,1.03578340691643
13.9812504868108,1.03452295118498
13.9937504868108,1.03326402931538
14.0062504868108,1.03200663944106
14.0187504868108,1.03075077969771
14.0312504868108,1.0294964482233
14.0437504868108,1.02824364315807
14.0562504868108,1.02699236264451
14.0687504868108,1.02574260482737
14.0812504868108,1.02449436785369
14.0937504868108,1.02324764987271
14.1062504868108,1.02200244903597
14.1187504868108,1.02075876349724
14.1312504868108,1.01951659141253
14.1437504868108,1.01827593094011
14.1562504868108,1.01703678024047
14.1687504868109,1.01579913747637
14.1812504868108,1.01456300081278
14.1937504868108,1.0133283684169
14.2062504868109,1.01209523845818
14.2187504868109,1.01086360910829
14.2312504868109,1.00963347854113
14.2437504868108,1.0084048449328
14.2562504868109,1.00717770646164
14.2687504868109,1.0059520613082
14.2812504868109,1.00472790765525
14.2937504868109,1.00350524368777
14.3062504868109,1.00228406759295
14.3187504868109,1.00106437756016
14.3312504868109,0.999846171781022
14.3437504868109,0.998629448449318
14.3562504868109,0.997414205761044
14.3687504868109,0.996200441914389
14.3812504868109,0.994988155109736
14.3937504868109,0.993777343549659
14.4062504868109,0.992568005438915
14.4187504868109,0.991360138984447
14.4312504868109,0.990153742395384
14.4437504868109,0.98894881388303
14.4562504868109,0.987745351660867
14.4671878651081,0.986693535327428
14.4781252434054,0.985642839037326
14.4890626217027,0.984593261597865
14.5,0.983544801817619
