0,0
0.0025,0.093623371050019
0.005,0.185741540811456
0.0075,0.276376866183441
0.01,0.365551378531187
0.0192058658245094,0.681681462929453
0.0284117316490188,0.979339368161539
0.0376175974735281,1.259515151809
0.0468234632980375,1.52314935932737
0.0560231176940902,1.77097018563144
0.065222772090143,2.003997600021
0.0744224264861957,2.22302540533917
0.0836220808822485,2.4288077241111
0.0932333451795852,2.63042307068123
0.102844609476922,2.81912574131135
0.112455873774259,2.99564026680339
0.122067138071595,3.16065352514201
0.1329064277233,3.33376149501182
0.143745717375004,3.4939357744779
0.154585007026709,3.64199387215557
0.165424296678414,3.77870612759336
0.177924296678414,3.92321892491591
0.190424296678414,4.05462690433449
0.202924296678414,4.17388392750071
0.215424296678414,4.28188182159116
0.227924296678414,4.37944848989107
0.240424296678414,4.4673435343678
0.252924296678414,4.54627523792786
0.265424296678414,4.61690579489484
0.277924296678414,4.67984990717564
0.290424296678414,4.73567153185078
0.302924296678414,4.7848964988903
0.315424296678414,4.8280163973618
0.327924296678414,4.86548753238322
0.340424296678414,4.89772850859743
0.352924296678414,4.9251296050472
0.365424296678414,4.94805566259474
0.377924296678414,4.96684530893798
0.390424296678414,4.98180916314493
0.402924296678414,4.9932368011077
0.415424296678414,5.00139890086539
0.427924296678414,5.00654666679106
0.440424296678414,5.0089104955715
0.452924296678414,5.00870515146935
0.465424296678414,5.00613136027074
0.477924296678414,5.00137538145542
0.490424296678414,4.99460801702938
0.502924296678414,4.98598845668022
0.515424296678414,4.97566546205509
0.527924296678414,4.96377704888205
0.540424296678414,4.95044975054111
0.552924296678414,4.93580147495535
0.565424296678414,4.9199423844857
0.577924296678414,4.90297465974592
0.590424296678414,4.8849919524435
0.602924296678414,4.86608150799423
0.615424296678414,4.84632481926171
0.627924296678414,4.82579745107057
0.640424296678414,4.80456863367409
0.652924296678414,4.78270283980461
0.665424296678414,4.76026027038078
0.677924296678414,4.73729672411934
0.690424296678414,4.71386329548811
0.702924296678414,4.69000754640464
0.715424296678414,4.66577386709664
0.727924296678414,4.64120337922183
0.740424296678414,4.61633371145312
0.752924296678414,4.5911998700033
0.765424296678414,4.5658345067249
0.777924296678414,4.54026784712671
0.790424296678414,4.51452752363919
0.802924296678414,4.48863922236891
0.815424296678414,4.46262688227808
0.827924296678414,4.43651264169923
0.840424296678414,4.41031671445672
0.852924296678414,4.3840578703617
0.865424296678414,4.35775358318441
0.877924296678414,4.33141999091297
0.890424296678414,4.30507180371687
0.902924296678414,4.27872266091249
0.915424296678414,4.25238524088917
0.927924296678414,4.22607123157983
0.940424296678414,4.19979126208281
0.952924296678414,4.17355516784649
0.965424296678414,4.14737207232748
0.977924296678414,4.12125036504872
0.990424296678414,4.09519765079925
1.00292429667841,4.06922094662688
1.01542429667841,4.04332674249395
1.02792429667841,4.01752098497285
1.04042429667841,3.99180903950606
1.05292429667841,3.96619583673348
1.06542429667841,3.94068591754372
1.07792429667841,3.91528342095835
1.09042429667841,3.88999205609558
1.10292429667841,3.86481521085429
1.11542429667841,3.83975598537172
1.12792429667841,3.81481718301997
1.14042429667841,3.7900012895793
1.15292429667841,3.76531055395429
1.16542429667841,3.74074701301795
1.17792429667841,3.71631248492058
1.19042429667841,3.69200855361976
1.20292429667841,3.66783662881735
1.21542429667841,3.64379796440411
1.22792429667841,3.61989365348677
1.24042429667841,3.5961246168978
1.25292429667841,3.57249164769455
1.26542429667841,3.54899542484943
1.27792429667841,3.52563650955361
1.29042429667841,3.50241533668367
1.30292429667841,3.47933224783139
1.31542429667841,3.45638750146169
1.32792429667841,3.43358127016493
1.34042429667841,3.41091363432046
1.35292429667841,3.38838460660549
1.36542429667841,3.36599413952901
1.37792429667841,3.34374212338894
1.39042429667841,3.32162838156783
1.40292429667841,3.29965268871159
1.41542429667841,3.27781477631413
1.42792429667841,3.25611433119817
1.44042429667841,3.23455099202366
1.45292429667841,3.21312436276389
1.46542429667841,3.19183401684233
1.47406822250881,3.17719090935604
1.48271214833921,3.16261259113584
1.4913560741696,3.14809889536887
1.5,3.13364964983012
1.5,3.13364964983012
1.5025,3.18799723022971
1.505,3.24140943174395
1.5075,3.2939002230124
1.51,3.34548336918193
1.5225,3.59025641044788
1.535,3.81428718426178
1.5475,4.01907784650616
1.56,4.20603290495724
1.5725,4.37645624532422
1.585,4.53154424111335
1.5975,4.6724124840129
1.61,4.80010401677251
1.6225,4.9155871235554
1.635,5.0197502105932
1.6475,5.11342166672603
1.66,5.19737598038296
1.6725,5.27233209781662
1.685,5.33894961945085
1.6975,5.39784355614575
1.71,5.44958887407148
1.7225,5.49471927487819
1.735,5.53372436959969
1.7475,5.56706064245727
1.76,5.59515482766311
1.7725,5.61840300308707
1.785,5.63716849048172
1.7975,5.65179000149914
1.81,5.66258414662168
1.8225,5.66984476175621
1.835,5.67384134811388
1.8475,5.67482512462002
1.86,5.6730308920186
1.8725,5.66867653253102
1.885,5.66196185069762
1.8975,5.65307307024486
1.91,5.64218421908608
1.9225,5.62945675756686
1.935,5.61503871721994
1.9475,5.59906804186972
1.96,5.58167361666083
1.97,5.56681354140185
1.98,5.55117541030977
1.99,5.53481272908043
2,5.51777608486616
2,5.51777608486616
2.0025,5.57193186765245
2.005,5.62510847206491
2.0075,5.67732057464159
2.01,5.72858263804548
2.0225,5.97113826792058
2.035,6.19199049200456
2.0475,6.39271750857544
2.06,6.57479488663665
2.0725,6.7395924401155
2.085,6.88836698595788
2.0975,7.02229043916209
2.11,7.14245846595687
2.1225,7.24988816133527
2.135,7.3455126683485
2.1475,7.43020205255368
2.16,7.50476973126551
2.1725,7.56997074796633
2.185,7.62649777446576
2.1975,7.67499662047429
2.21,7.71607101048448
2.2225,7.75028130165854
2.235,7.77814151345338
2.2475,7.80013085110903
2.26,7.81669725482391
2.2725,7.82825644714509
2.285,7.83518972599721
2.2975,7.83785252652227
2.31,7.83657705807355
2.3225,7.83167159642562
2.335,7.82341884401001
2.3475,7.81208229126009
2.36,7.79790817585747
2.3725,7.78112495684251
2.385,7.76194209628297
2.3975,7.74055478565893
2.41,7.7171454015455
2.4225,7.69188311487505
2.435,7.66492298572909
2.4475,7.63640947495441
2.46,7.60647752570007
2.4725,7.57525227309708
2.485,7.54284837169984
2.4975,7.50937260453419
2.51,7.47492468664599
2.5225,7.43959704939076
2.535,7.40347434073288
2.5475,7.36663536368994
2.56,7.32915367333735
2.5725,7.29109741653315
2.585,7.25252896064987
2.5975,7.21350633376384
2.61,7.17408366819913
2.6225,7.13431108144051
2.635,7.09423440029024
2.6475,7.0538962308571
2.66,7.01333628808012
2.6725,6.97259130724435
2.685,6.93169483903794
2.6975,6.89067804448506
2.71,6.84956993975368
2.7225,6.8083973304093
2.735,6.76718465915042
2.7475,6.7259545963773
2.76,6.6847282220568
2.7725,6.64352497687026
2.785,6.60236254908883
2.7975,6.56125731330188
2.81,6.52022446551596
2.8225,6.47927798685527
2.835,6.43843055951744
2.8475,6.39769389268667
2.86,6.35707882288649
2.8725,6.31659528700674
2.885,6.27625225986599
2.8975,6.23605799630471
2.91,6.19602010572243
2.9225,6.15614553203439
2.935,6.11644050728734
2.9475,6.07691073147639
2.96,6.03756142790183
2.9725,5.99839732827452
2.985,5.95942263825926
2.9975,5.92064117102191
3.01,5.88205638833593
3.0225,5.8436713895134
3.035,5.80548888581023
3.0475,5.76751129959661
3.06,5.72974079487619
3.0725,5.69217926905954
3.085,5.65482833395369
3.0975,5.61768938939201
3.11,5.58076364588779
3.1225,5.54405211851964
3.135,5.50755561281291
3.1475,5.47127477939458
3.16,5.43521013080313
3.1725,5.39936203694327
3.185,5.36373071460184
3.1975,5.32831626800561
3.21,5.29311870129002
3.2225,5.25813791511982
3.235,5.2233736989053
3.2475,5.18882576088736
3.26,5.15449373738121
3.2725,5.12037719026353
3.285,5.08647560119472
3.29749999999999,5.05278839392412
3.31,5.01931494113812
3.3225,4.98605456259104
3.335,4.95300652081784
3.34749999999999,4.92017003766017
3.35999999999999,4.88754429933499
3.3725,4.85512845504392
3.38499999999999,4.82292161379315
3.39749999999999,4.79092285662676
3.40999999999999,4.75913124037381
3.42249999999999,4.72754579661314
3.43499999999999,4.69616552931584
3.44749999999999,4.66498942389028
3.45999999999999,4.63401644994777
3.47249999999999,4.60324556053157
3.48499999999999,4.5726756903703
3.49749999999999,4.54230576255531
3.50999999999999,4.51213469057761
3.52249999999999,4.4821613777532
3.53499999999999,4.45238471593035
3.54749999999999,4.42280359040885
3.55999999999999,4.39341688143604
3.57249999999999,4.36422346377802
3.58499999999999,4.335222205764
3.59749999999999,4.30641197290046
3.60999999999999,4.27779162896563
3.62249999999999,4.24936003568926
3.63499999999999,4.2211160520472
3.64749999999999,4.19305853690697
3.65999999999999,4.16518634982441
3.67249999999999,4.13749835080401
3.68499999999999,4.10999339977947
3.69749999999999,4.0826703585405
3.70999999999999,4.05552809130869
3.72249999999999,4.02856546455776
3.73499999999999,4.00178134663211
3.74749999999999,3.97517460914067
3.75999999999999,3.94874412736911
3.77249999999999,3.92248878014469
3.78499999999999,3.89640744955717
3.79749999999999,3.87049902195773
3.80999999999999,3.84476238824993
3.82249999999999,3.81919644378782
3.83499999999999,3.79380008817268
3.84749999999999,3.7685722259596
3.85999999999999,3.74351176685868
3.87249999999999,3.71861762565784
3.88499999999999,3.69388872207597
3.89749999999999,3.66932398125302
3.90999999999999,3.64492233388509
3.92249999999999,3.62068271616552
3.93499999999999,3.59660406967987
3.94749999999999,3.5726853417361
3.95999999999999,3.54892548545086
3.97249999999999,3.52532345970431
3.98499999999999,3.50187822906594
3.99749999999999,3.47858876400696
4.00999999999999,3.45545404095061
4.02249999999999,3.43247304223725
4.03499999999999,3.40964475607301
4.04749999999999,3.38696817665549
4.05999999999999,3.36444230419773
4.07249999999999,3.34206614490096
4.08499999999999,3.31983871092012
4.09749999999999,3.29775902042598
4.10999999999999,3.27582609760991
4.12249999999999,3.25403897266233
4.13499999999999,3.23239668175071
4.14749999999999,3.2108982670352
4.15999999999999,3.18954277665958
4.17249999999999,3.16832926473391
4.18499999999999,3.14725679132168
4.19749999999999,3.12632442242181
4.20999999999999,3.10553122994956
4.22249999999999,3.08487629172236
4.23499999999999,3.06435869145374
4.24749999999999,3.04397751871101
4.25999999999999,3.02373186888908
4.27249999999999,3.00362084319876
4.28499999999999,2.98364354866549
4.29749999999999,2.96379909806986
4.30999999999999,2.94408660991641
4.32249999999999,2.92450520842374
4.33499999999999,2.90505402352684
4.34749999999999,2.88573219080551
4.35999999999999,2.86653885144976
4.37249999999999,2.84747315225134
4.38499999999999,2.82853424560861
4.39749999999999,2.80972128944666
4.40999999999999,2.7910334471806
4.42249999999999,2.77246988770804
4.43499999999999,2.75402978541585
4.44749999999999,2.73571232009484
4.45999999999999,2.71751667690164
4.47249999999999,2.69944204635208
4.48499999999999,2.68148762432917
4.49749999999999,2.66365261199441
4.50999999999999,2.64593621574901
4.52249999999999,2.62833764722787
4.53499999999999,2.61085612330839
4.54749999999999,2.59349086602004
4.55999999999999,2.57624110250525
4.57249999999999,2.55910606501391
4.58499999999999,2.54208499091277
4.59749999999999,2.52517712259427
4.60999999999999,2.50838170743752
4.62249999999999,2.49169799780319
4.63499999999999,2.4751252510433
4.64749999999999,2.45866272941009
4.65999999999999,2.44230970001734
4.67249999999999,2.42606543483564
4.68499999999999,2.40992921070228
4.69749999999999,2.39390030923086
4.70999999999999,2.37797801677311
4.72249999999999,2.36216162441439
4.73499999999999,2.34645042798367
4.74749999999999,2.33084372796426
4.75999999999999,2.31534082945625
4.77249999999999,2.29994104217218
4.78499999999999,2.28464368044708
4.79749999999999,2.26944806315054
4.80999999999999,2.25435351364987
4.82249999999999,2.23935935980601
4.83499999999999,2.22446493398341
4.84749999999999,2.20966957296377
4.85999999999999,2.19497261790994
4.87249999999999,2.18037341436196
4.88499999999999,2.16587131224689
4.89749999999999,2.15146566579423
4.90999999999999,2.13715583350064
4.92249999999999,2.12294117812617
4.93499999999999,2.10882106670381
4.94749999999999,2.09479487045689
4.95999999999999,2.08086196476453
4.97249999999999,2.06702172915801
4.98499999999999,2.05327354733017
4.99749999999999,2.03961680705469
5.00999999999999,2.02605090015231
5.02249999999999,2.01257522248741
5.03499999999999,1.99918917397715
5.04749999999999,1.98589215851266
5.05999999999999,1.97268358392617
5.07249999999999,1.95956286198756
5.08499999999999,1.94652940841342
5.09749999999999,1.93358264279011
5.10999999999999,1.92072198854169
5.12249999999999,1.90794687292661
5.13499999999999,1.89525672704654
5.14749999999999,1.88265098577135
5.15999999999999,1.87012908770782
5.17249999999999,1.85769047519648
5.18499999999999,1.84533459432018
5.19749999999999,1.83306089483097
5.20999999999999,1.82086883011965
5.22249999999999,1.80875785721262
5.23499999999999,1.79672743678033
5.24749999999999,1.78477703306594
5.25999999999999,1.77290611385571
5.27249999999999,1.76111415047593
5.28499999999999,1.7494006178011
5.29749999999999,1.73776499418454
5.30999999999999,1.72620676142941
5.32249999999999,1.71472540478581
5.33499999999999,1.70332041295876
5.34749999999999,1.69199127804053
5.35999999999999,1.68073749548248
5.37249999999999,1.66955856409223
5.38499999999999,1.65845398604139
5.39749999999999,1.64742326679969
5.40999999999999,1.63646591510756
5.42249999999999,1.62558144297333
5.43499999999999,1.61476936568081
5.44749999999999,1.60402920172512
5.45999999999999,1.59336047278597
5.47249999999999,1.58276270372494
5.48499999999999,1.5722354225929
5.49749999999999,1.56177816056744
5.50999999999999,1.55139045192694
5.52249999999999,1.54107183404787
5.53499999999999,1.53082184741199
5.54749999999999,1.52064003554551
5.55999999999999,1.51052594499375
5.57249999999999,1.50047912531854
5.58499999999999,1.49049912910526
5.59749999999999,1.48058551190355
5.60999999999999,1.47073783220267
5.62249999999999,1.46095565142895
5.63499999999999,1.45123853395267
5.64749999999999,1.44158604703028
5.65999999999999,1.43199776078044
5.67249999999999,1.42247324818156
5.68499999999999,1.41301208507843
5.69749999999999,1.40361385012605
5.70999999999999,1.39427812476622
5.72249999999999,1.38500449322516
5.73499999999999,1.37579254252003
5.74749999999999,1.36664186240413
5.75999999999999,1.35755204534419
5.77249999999999,1.34852268651806
5.78499999999999,1.33955338382095
5.79749999999999,1.33064373781222
5.80999999999999,1.32179335169316
5.82249999999999,1.31300183130474
5.83499999999999,1.30426878513381
5.84749999999999,1.2955938242611
5.85999999999999,1.28697656233976
5.87249999999999,1.27841661559307
5.88499999999999,1.26991360282047
5.89749999999999,1.26146714534701
5.90999999999999,1.25307686700238
5.92249999999999,1.2447423941187
5.93499999999999,1.23646335553641
5.94749999999999,1.22823938255504
5.95999999999999,1.22007010891276
5.97249999999999,1.21195517078429
5.98499999999999,1.20389420678659
5.99749999999999,1.19588685793094
6.00999999999999,1.18793276760302
6.02249999999999,1.1800315815609
6.03499999999999,1.17218294794053
6.04749999999999,1.16438651720915
6.05999999999999,1.15664194214584
6.07249999999999,1.14894887783958
6.08499999999998,1.1413069816946
6.09749999999999,1.13371591338502
6.10999999999999,1.12617533483589
6.12249999999999,1.11868491022133
6.13499999999999,1.11124430596974
6.14749999999998,1.10385319071959
6.15999999999999,1.096511235301
6.17249999999999,1.08921811273394
6.18499999999998,1.08197349823326
6.19749999999998,1.07477706916565
6.20999999999998,1.06762850503178
6.22249999999999,1.06052748746442
6.23499999999999,1.05347370023346
6.24749999999998,1.04646682920392
6.25999999999998,1.03950656231859
6.27249999999998,1.03259258959622
6.28499999999998,1.02572460313636
6.29749999999998,1.01890229707854
6.30999999999998,1.0121253675853
6.32249999999998,1.00539351284047
6.33499999999998,0.998706433053862
6.34749999999998,0.992063830421544
6.35999999999998,0.985465409109306
6.37249999999998,0.978910875250982
6.38499999999998,0.972399936953029
6.39749999999998,0.965932304255835
6.40999999999998,0.959507689117628
6.42249999999998,0.953125805412843
6.43499999999998,0.946786368936575
6.44749999999998,0.940489097366912
6.45999999999998,0.934233710249266
6.47249999999998,0.928019928994777
6.48499999999998,0.921847476884661
6.49749999999998,0.915716079033522
6.50999999999998,0.909625462374104
6.52249999999998,0.903575355655736
6.53499999999998,0.897565489448561
6.54749999999998,0.891595596107823
6.55999999999998,0.885665409759008
6.57249999999998,0.879774666296344
6.58499999999998,0.873923103386908
6.59749999999998,0.868110460435857
6.60999999999998,0.862336478571964
6.62249999999998,0.856600900646152
6.63499999999998,0.850903471235496
6.64749999999998,0.845243936609369
6.65999999999998,0.839622044715359
6.67249999999998,0.834037545177842
6.68499999999998,0.828490189301876
6.69749999999998,0.822979730040243
6.70999999999998,0.817505921979737
6.72249999999998,0.812068521339766
6.73499999999998,0.806667285976158
6.74749999999998,0.801301975349058
6.75999999999998,0.795972350509581
6.77249999999998,0.790678174098458
6.78499999999998,0.785419210349729
6.79749999999998,0.780195225059496
6.80999999999998,0.775005985572924
6.82249999999998,0.769851260782921
6.83499999999998,0.764730821133738
6.84749999999998,0.759644438590541
6.85999999999998,0.754591886626754
6.87249999999998,0.749572940222779
6.88499999999998,0.744587375869495
6.89749999999998,0.739634971538635
6.90999999999998,0.734715506670462
6.92249999999998,0.729828762172522
6.93499999999998,0.724974520423051
6.94749999999998,0.720152565242135
6.95999999999998,0.715362681879704
6.97249999999998,0.710604657014324
6.98499999999998,0.705878278756514
6.99749999999998,0.701183336620658
7.00999999999998,0.696519621513329
7.02249999999998,0.6918869257321
7.03499999999998,0.687285042968777
7.04749999999998,0.682713768282059
7.05999999999998,0.678172898086155
7.07249999999998,0.673662230149641
7.08499999999998,0.669181563598597
7.09749999999998,0.664730698889992
7.10999999999998,0.660309437800603
7.12249999999998,0.655917583425893
7.13499999999998,0.651554940183079
7.14749999999998,0.647221313785205
7.15999999999998,0.64291651123036
7.17249999999998,0.638640340800587
7.18499999999998,0.634392612064863
7.19749999999998,0.630173135853861
7.20999999999998,0.625981724249451
7.22249999999998,0.621818190583636
7.23499999999998,0.617682349441454
7.24749999999998,0.613574016636407
7.25999999999998,0.609493009200234
7.27249999999998,0.60543914538188
7.28499999999998,0.601412244650319
7.29749999999998,0.597412127670629
7.30999999999998,0.59343861629404
7.32249999999998,0.58949153355692
7.33499999999998,0.585570703683534
7.34749999999998,0.581675952062744
7.35999999999998,0.577807105238321
7.37249999999998,0.573963990907954
7.38499999999998,0.570146437925943
7.39749999999998,0.566354276280507
7.40999999999998,0.562587337084349
7.42249999999998,0.558845452573704
7.43499999999998,0.555128456110944
7.44749999999998,0.551436182162495
7.45999999999998,0.54776846628965
7.47249999999998,0.544125145147635
7.48499999999998,0.540506056488152
7.49749999999998,0.536911039137877
7.50999999999998,0.53333993298951
7.52249999999998,0.529792579000874
7.53499999999998,0.526268819197381
7.54749999999998,0.522768496651107
7.55999999999998,0.519291455472067
7.57249999999998,0.515837540807346
7.58499999999998,0.512406598843498
7.59749999999998,0.508998476786167
7.60999999999998,0.505613022851602
7.62249999999998,0.5022500862658
7.63499999999998,0.498909517266849
7.64749999999998,0.495591167085085
7.65999999999998,0.492294887934826
7.67249999999998,0.489020533013542
7.68499999999998,0.485767956504136
7.69749999999998,0.482537013555619
7.70999999999998,0.479327560275072
7.72249999999998,0.476139453726824
7.73499999999998,0.472972551934685
7.74749999999998,0.469826713863124
7.75999999999998,0.46670179940944
7.77249999999998,0.463597669402974
7.78499999999998,0.460514185607266
7.79749999999998,0.457451210701742
7.80999999999998,0.454408608274088
7.82249999999998,0.451386242819476
7.83499999999998,0.448383979742675
7.84749999999998,0.445401685340214
7.85999999999998,0.442439226792955
7.87249999999998,0.439496472165345
7.88499999999998,0.436573290407469
7.89749999999998,0.433669551337679
7.90999999999998,0.430785125635372
7.92249999999998,0.427919884840251
7.93499999999998,0.42507370135433
7.94749999999998,0.422246448425021
7.95999999999998,0.419438000138097
7.97249999999998,0.416648231416981
7.98499999999998,0.41387701802469
7.99749999999998,0.41112423654737
8.00999999999998,0.408389764387448
8.02249999999998,0.405673479762933
8.03499999999998,0.402975261709317
8.04749999999998,0.400294990063537
8.05999999999998,0.397632545457309
8.07249999999998,0.39498780931645
8.08499999999998,0.392360663862725
8.09749999999998,0.389750992098236
8.10999999999998,0.387158677798926
8.12249999999998,0.384583605513924
8.13499999999998,0.38202566056734
8.14749999999998,0.379484729043068
8.15999999999998,0.37696069777846
8.17249999999998,0.374453454363684
8.18499999999998,0.371962887143482
8.19749999999998,0.36948888520236
8.20999999999998,0.367031338358438
8.22249999999998,0.364590137162827
8.23499999999998,0.362165172901328
8.24749999999998,0.359756337580026
8.25999999999998,0.357363523919294
8.27249999999998,0.35498662535319
8.28499999999998,0.352625536031107
8.29749999999998,0.350280150803754
8.30999999999998,0.347950365217308
8.32249999999998,0.345636075512835
8.33499999999998,0.343337178627895
8.34749999999998,0.341053572182887
8.35999999999998,0.338785154475363
8.37249999999998,0.336531824479457
8.38499999999998,0.334293481847453
8.39749999999998,0.332070026896486
8.40999999999998,0.32986136060301
8.42249999999999,0.327667384602237
8.43499999999998,0.325488001189667
8.44749999999998,0.323323113308139
8.45999999999998,0.321172624542442
8.47249999999999,0.319036439118774
8.48499999999999,0.316914461906227
8.49749999999998,0.31480659840418
8.50999999999999,0.312712754737056
8.52249999999999,0.310632837653786
8.53499999999999,0.308566754529266
8.54749999999999,0.306514413352076
8.55999999999999,0.304475722719373
8.57249999999999,0.302450591836377
8.58499999999999,0.30043893051778
8.59749999999999,0.298440649175795
8.60999999999999,0.296455658815183
8.62249999999999,0.294483871032749
8.63499999999999,0.292525198018719
8.64749999999999,0.290579552545099
8.65999999999999,0.288646847960835
8.67249999999999,0.286726998191322
8.68499999999999,0.284819917739745
8.69749999999999,0.282925521675746
8.70999999999999,0.281043725630708
8.72249999999999,0.279174445797282
8.73499999999999,0.277317598930687
8.74749999999999,0.275473102337679
8.75999999999999,0.273640873871958
8.77249999999999,0.271820831933708
8.78499999999999,0.270012895470863
8.79749999999999,0.268216983968366
8.80999999999999,0.266433017443699
8.82249999999999,0.26466091644643
8.83499999999999,0.262900602059452
8.84749999999999,0.261151995888518
8.85999999999999,0.259415020057897
8.87249999999999,0.257689597209926
8.88499999999999,0.25597565050622
8.89749999999999,0.254273103617481
8.90999999999999,0.252581880719268
8.92249999999999,0.250901906491565
8.93499999999999,0.249233106119951
8.94749999999999,0.247575405285688
8.95999999999999,0.245928730161593
8.97249999999999,0.24429300741162
8.98499999999999,0.242668164192006
8.99749999999999,0.241054128141608
9.00999999999999,0.239450827377895
9.02249999999999,0.237858190496533
9.03499999999999,0.236276146572505
9.04749999999999,0.234704625150704
9.05999999999999,0.233143556242022
9.07249999999999,0.231592870322959
9.08499999999999,0.230052498336702
9.09749999999999,0.228522371683971
9.10999999999999,0.227002422219213
9.1225,0.225492582250216
9.13499999999999,0.223992784539161
9.14749999999999,0.222502962293713
9.15999999999999,0.221023049163313
9.1725,0.219552979238798
9.185,0.218092687053433
9.19749999999999,0.216642107574232
9.21,0.215201176198345
9.2225,0.213769828752697
9.235,0.212348001494982
9.2475,0.210935631105219
9.26,0.209532654682236
9.2725,0.208139009743312
9.285,0.20675463422515
9.2975,0.205379466475655
9.31,0.204013445250504
9.3225,0.202656509712809
9.335,0.201308599434056
9.3475,0.1999696543861
9.36,0.198639614937829
9.3725,0.197318421854833
9.385,0.196006016300319
9.3975,0.194702339827318
9.41,0.193407334375436
9.4225,0.19212094227053
9.435,0.190843106225603
9.4475,0.189573769333211
9.46,0.188312875062305
9.4725,0.187060367257911
9.485,0.185816190142004
9.4975,0.184580288306115
9.51,0.183352606708255
9.5225,0.182133090672603
9.535,0.180921685890361
9.5475,0.179718338412549
9.56,0.178522994647015
9.5725,0.177335601358133
9.585,0.176156105667625
9.5975,0.174984455047562
9.61,0.173820597317439
9.6225,0.172664480643884
9.635,0.171516053541467
9.6475,0.170375264865871
9.66,0.169242063811057
9.6725,0.168116399908974
9.685,0.166998223030346
9.6975,0.165887483378028
9.71,0.16478413148424
9.7225,0.163688118210288
9.735,0.162599394747331
9.7475,0.161517912609907
9.76,0.160443623633247
9.7725,0.159376479972999
9.785,0.158316434105972
9.7975,0.157263438823842
9.81,0.156217447230525
9.82250000000001,0.155178412741916
9.835,0.154146289086615
9.8475,0.153121030299789
9.86,0.152102590720625
9.87250000000001,0.15109092499207
9.88500000000001,0.150085988061538
9.8975,0.149087735174937
9.91000000000001,0.148096121874185
9.92250000000001,0.147111103996961
9.93500000000001,0.146132637677388
9.94750000000001,0.145160679340223
9.96000000000001,0.144195185698435
9.97250000000001,0.143236113752964
9.98500000000001,0.142283420793385
9.99750000000001,0.141337064392251
10.01,0.140397002402738
10.0225,0.139463192958404
10.035,0.138535594473841
10.0475,0.137614165639166
10.06,0.136698865417726
10.0725,0.135789653045864
10.085,0.134886488033558
10.0975,0.133989330159048
10.11,0.13309813946661
10.1225,0.132212876266327
10.135,0.131333501134704
10.1475,0.130459974909448
10.16,0.129592258687291
10.1725,0.12873031382377
10.185,0.127874101933829
10.1975,0.12702358488673
10.21,0.12617872480394
10.2225,0.125339484058913
10.235,0.124505825277678
10.2475,0.123677711333882
10.26,0.122855105346735
10.2725,0.122037970680794
10.285,0.121226270946539
10.2975,0.120419969995549
10.31,0.119619031918493
10.3225,0.118823421044927
10.335,0.118033101943853
10.3475,0.117248039419018
10.36,0.116468198506964
10.3725,0.115693544476827
10.385,0.114924042830881
10.3975,0.114159659299963
10.41,0.113400359841571
10.4225,0.112646110639675
10.435,0.111896878105235
10.4475,0.11115262887176
10.46,0.110413329793446
10.4725,0.109678947944994
10.485,0.108949450622123
10.4975,0.108224805337231
10.51,0.107504979817595
10.5225,0.106789942005188
10.535,0.106079660057175
10.5475,0.105374102341699
10.56,0.104673237436117
10.5725,0.103977034126829
10.585,0.10328546140976
10.5975,0.102598488486252
10.61,0.101916084761354
10.6225,0.101238219843649
10.635,0.100564863545727
10.6475,0.0998959858801853
10.66,0.0992315570579601
10.6725,0.0985715474881623
10.685,0.0979159277785356
10.6975,0.0972646687315613
10.71,0.0966177413428378
10.7225,0.0959751168009163
10.735,0.0953367664877495
10.7475,0.0947026619748978
10.76,0.0940727750219522
10.7725,0.0934470775763739
10.785,0.0928255417739311
10.7975,0.0922081399350056
10.81,0.0915948445630567
10.8225,0.0909856283444655
10.835,0.0903804641489601
10.8475,0.089779325026019
10.86,0.0891821842033762
10.8725,0.0885890150868691
10.885,0.0879997912608523
10.8975,0.0874144864846967
10.91,0.0868330746913329
10.9225,0.0862555299871036
10.935,0.0856818266521668
10.9475,0.0851119391370863
10.96,0.0845458420614142
10.9725,0.083983510213547
10.985,0.0834249185511177
10.9975,0.0828700421976771
11.01,0.0823188564413125
11.0225,0.0817713367345085
11.035,0.0812274586945284
11.0475,0.0806871981001827
11.06,0.0801505308904847
11.0725,0.0796174331645143
11.085,0.0790878811817902
11.0975,0.0785618513591227
11.11,0.0780393202693051
11.1225,0.0775202646409815
11.135,0.0770046613590079
11.1475,0.0764924874613896
11.16,0.0759837201380058
11.1725,0.0754783367304812
11.185,0.0749763147325382
11.1975,0.0744776317870137
11.21,0.0739822656846188
11.2225,0.0734901943638125
11.235,0.0730013959111454
11.2475,0.072515848558355
11.26,0.0720335306811575
11.2725,0.0715544207991255
11.285,0.0710784975760224
11.2975,0.070605739816974
11.31,0.0701361264672925
11.3225,0.0696696366123573
11.335,0.0692062494779402
11.3475,0.0687459444274523
11.36,0.0682887009607982
11.3725,0.0678344987142602
11.385,0.0673833174608152
11.3975,0.0669351371074538
11.41,0.0664899376940647
11.4225,0.0660476993933222
11.435,0.0656084025109945
11.4475,0.0651720274833335
11.46,0.0647385548759885
11.4725,0.0643079653838971
11.485,0.0638802398315845
11.4975,0.063455359170623
11.51,0.0630333044785738
11.5225,0.0626140569588806
11.535,0.0621975979411619
11.5475,0.0617839088787362
11.56,0.0613729713475925
11.5725,0.0609647670462866
11.585,0.0605592777962254
11.5975,0.0601564855392575
11.61,0.0597563723366711
11.6225,0.0593589203690922
11.635,0.0589641119367622
11.6475,0.0585719294571918
11.66,0.058182355464185
11.6725,0.0577953726077403
11.685,0.0574109636543209
11.6975,0.0570291114845702
11.71,0.0566497990923617
11.7225,0.0562730095847029
11.735,0.0558987261819981
11.7475,0.0555269322158244
11.76,0.0551576111280062
11.7725,0.0547907464705222
11.785,0.0544263219057608
11.7975,0.0540643212043547
11.81,0.0537047282442802
11.8225,0.0533475270107662
11.835,0.0529927015965431
11.8475,0.0526402361997343
11.86,0.0522901151229796
11.8725,0.051942322773346
11.885,0.0515968436625702
11.8975,0.0512536624050064
11.91,0.0509127637167715
11.9225,0.0505741324156593
11.935,0.0502377534213764
11.9475,0.0499036117535434
11.96,0.0495716925308636
11.9725,0.0492419809710386
11.985,0.0489144623909985
11.9975,0.0485891222049557
12.01,0.0482659459235952
12.0225,0.047944919153993
12.035,0.0476260275998395
12.0475,0.047309257059545
12.06,0.0469945934254514
12.0725,0.0466820226837524
12.085,0.0463715309147114
12.0975,0.0460631042908166
12.11,0.0457567290760138
12.1225,0.0454523916256282
12.135,0.045150078386577
12.1475,0.044849775895573
12.16,0.0445514707783774
12.1725,0.044255149749724
12.185,0.0439607996135259
12.1975,0.0436684072611265
12.21,0.0433779596705721
12.2225,0.0430894439065379
12.235,0.0428028471205295
12.2475,0.0425181565491798
12.26,0.0422353595135408
12.2725,0.0419544434190114
12.285,0.041675395755534
12.2975,0.0413982040959359
12.31,0.0411228560952395
12.3225,0.040849339490593
12.335,0.0405776421014607
12.3475,0.0403077518280086
12.36,0.0400396566504331
12.3725,0.0397733446288928
12.385,0.039508803903694
12.3975,0.0392460226937196
12.41,0.0389849892957742
12.4225,0.0387256920845186
12.435,0.0384681195126505
12.4475,0.0382122601093738
12.46,0.0379581024797621
12.4725,0.0377056353046942
12.485,0.0374548473410303
12.4975,0.0372057274201217
12.51,0.0369582644471907
12.5225,0.0367124474012683
12.535,0.0364682653353654
12.5475,0.0362257073750218
12.56,0.0359847627177026
12.5725,0.0357454206327375
12.585,0.0355076704614872
12.5975,0.0352715016159309
12.61,0.0350369035780789
12.6225,0.0348038658999126
12.635,0.0345723782035474
12.6475,0.0343424301798571
12.66,0.0341140115879016
12.6725,0.0338871122548693
12.685,0.0336617220762349
12.6975,0.0334378310144205
12.71,0.0332154290982382
12.7225,0.0329945064228339
12.735,0.0327750531498413
12.7475,0.0325570595060781
12.76,0.0323405157830032
12.7725,0.0321254123366619
12.785,0.0319117395878362
12.7975,0.0316994880207748
12.81,0.0314886481826651
12.8225,0.0312792106835798
12.835,0.0310711661966229
12.8475,0.0308645054566935
12.86,0.0306592192599713
12.8725,0.0304552984638652
12.885,0.0302527339871548
12.8975,0.0300515168087872
12.91,0.0298516379673762
12.9225,0.0296530885611515
12.935,0.0294558597480974
12.9475,0.0292599427447806
12.96,0.0290653288258629
12.9725,0.0288720093240517
12.985,0.0286799756302351
12.9975,0.0284892191923403
13.01,0.0282997315148596
13.0225000000001,0.0281115041588019
13.035,0.0279245287418239
13.0475,0.0277387969371195
13.0600000000001,0.0275543004729575
13.0725000000001,0.0273710311326345
13.0850000000001,0.0271889807546031
13.0975,0.0270081412313899
13.1100000000001,0.0268285045091458
13.1225000000001,0.0266500625876
13.1350000000001,0.026472807520185
13.1475000000001,0.0262967314129829
13.1600000000001,0.0261218264242874
13.1725000000001,0.0259480847645596
13.1850000000001,0.0257754986965489
13.1975000000001,0.0256040605342678
13.2100000000001,0.025433762642565
13.2225000000001,0.0252645974370825
13.2350000000001,0.0250965573843733
13.2475000000001,0.0249296350009032
13.2600000000001,0.0247638228526351
13.2725000000001,0.0245991135549872
13.2850000000001,0.024435499772948
13.2975000000001,0.0242729742201037
13.3100000000001,0.024111529658234
13.3225000000001,0.0239511588972714
13.3350000000001,0.0237918547954124
13.3475000000001,0.0236336102581716
13.3600000000001,0.0234764182379878
13.3725000000001,0.0233202717341836
13.3850000000001,0.0231651637930749
13.3975000000001,0.0230110875070492
13.4100000000001,0.0228580360141817
13.4225000000001,0.0227060024981972
13.4350000000001,0.0225549801885754
13.4475000000001,0.0224049623596543
13.4600000000001,0.0222559423302561
13.4725000000001,0.0221079134636501
13.4850000000001,0.0219608691676556
13.4975000000001,0.021814802893768
13.5100000000001,0.0216697081367958
13.5225000000001,0.0215255784348235
13.5350000000001,0.0213824073693121
13.5475000000001,0.0212401885642486
13.5600000000001,0.0210989156857917
13.5725000000001,0.0209585824422364
13.5850000000001,0.0208191825841119
13.5975000000001,0.0206807099033527
13.6100000000001,0.0205431582329548
13.6225000000001,0.0204065214469403
13.6350000000001,0.0202707934604527
13.6475000000001,0.0201359682289507
13.6600000000001,0.0200020397478727
13.6725000000001,0.0198690020526024
13.6850000000001,0.0197368492185621
13.6975000000001,0.0196055753604271
13.7100000000001,0.0194751746317993
13.7225000000001,0.0193456412251738
13.7350000000001,0.0192169693720296
13.7475000000001,0.0190891533420649
13.7600000000001,0.0189621874428789
13.7725000000001,0.01883606601994
13.7850000000001,0.0187107834566731
13.7975000000001,0.0185863341737158
13.8100000000001,0.0184627126286085
13.8225000000001,0.018339913315763
13.8350000000001,0.0182179307665481
13.8475000000001,0.018096759548565
13.8600000000001,0.0179763942653457
13.8725000000001,0.0178568295563222
13.8850000000001,0.0177380600969102
13.8975000000001,0.0176200805978034
13.9100000000001,0.0175028858046798
13.9225000000001,0.0173864704981718
13.9350000000001,0.0172708294939478
13.9475000000001,0.0171559576420247
13.9600000000001,0.0170418498264824
13.9725000000001,0.0169285009654345
13.9850000000001,0.0168159060111074
13.9975000000001,0.0167040599491718
14.0100000000001,0.0165929577984636
14.0225000000001,0.0164825946109562
14.0350000000001,0.0163729654718374
14.0475000000001,0.0162640654988581
14.0600000000001,0.0161558898420608
14.0725000000001,0.0160484336837529
14.0850000000001,0.0159416922385811
14.0975000000001,0.0158356607528974
14.1100000000001,0.0157303345044952
14.1225000000001,0.0156257088025824
14.1350000000001,0.0155217789878547
14.1475000000001,0.015418540431878
14.1600000000001,0.0153159885368312
14.1725000000001,0.0152141187354804
14.1850000000001,0.0151129264912501
14.1975000000001,0.0150124072976216
14.2100000000001,0.0149125566778831
14.2225000000001,0.0148133701851044
14.2350000000001,0.0147148434022057
14.2475000000001,0.0146169719413728
14.2600000000001,0.0145197514438129
14.2725000000001,0.0144231775797305
14.2850000000001,0.0143272460483943
14.2975000000001,0.0142319525775675
14.3100000000001,0.0141372929232705
14.3225000000001,0.0140432628697569
14.3350000000001,0.0139498582295793
14.3475000000001,0.013857074843034
14.3600000000001,0.0137649085779301
14.3725000000001,0.0136733553295666
14.3850000000001,0.0135824110207957
14.3975000000001,0.0134920716014826
14.4100000000001,0.0134023330482808
14.4225000000001,0.0133131913646094
14.4350000000001,0.013224642580715
14.4475000000001,0.0131366827531456
14.4600000000001,0.0130493079645321
14.4700000000001,0.0129798267458773
14.48,0.0129107154809332
14.49,0.012841972199891
14.5,0.0127735949433839
