0,0
0.000577655299079168,0.272482016169781
0.00115531059815834,0.526296555776698
0.0017329658972375,0.76271484752053
0.00231062119631667,0.982928877887768
0.00288827649539584,1.18804930120898
0.00346593179447501,1.37910033689808
0.00404358709355418,1.5570400944901
0.00462124239263334,1.7227669596314
0.00521467078790788,1.88118074371166
0.00580809918318241,2.02842490425505
0.00640152757845695,2.16527998416481
0.00699495597373148,2.29247677402056
0.00765849045999174,2.42409852060484
0.008322024946252,2.54536398260972
0.00898555943251225,2.65707830219326
0.00964909391877251,2.75999046713872
0.0103108802079415,2.8545514032787
0.0109726664971104,2.94166618235164
0.0116344527862793,3.02191225607199
0.0122962390754483,3.09582688555285
0.0129580687956216,3.16390985519894
0.0136198985157948,3.2266065917511
0.0142817282359681,3.28433483227439
0.0149435579561414,3.33748323785642
0.0156053865972441,3.38641017900203
0.0162672152383468,3.43144155933861
0.0169290438794496,3.47287951120127
0.0175908725205523,3.51100513747102
0.018252701188465,3.54607768980989
0.0189145298563777,3.57833281548529
0.0195763585242905,3.60798903576072
0.0202381871922032,3.63524966206271
0.0209000158594498,3.66030220061869
0.0215618445266964,3.68331708763975
0.0222236731939431,3.70445237153248
0.0228855018611897,3.72385509998498
0.023547330528453,3.74166088938128
0.0242091591957163,3.75799300994858
0.0248709878629795,3.77296577228962
0.0255328165302428,3.78668553059009
0.0261946451975059,3.79925037119145
0.026856473864769,3.81074945091243
0.0275183025320321,3.82126544640293
0.0281801311992952,3.83087527972756
0.0288419598665582,3.83964989312178
0.0295037885338211,3.84765377042406
0.0301656172010841,3.8549467086039
0.030827445868347,3.86158434254987
0.0314892745356103,3.86761798215896
0.0321511032028736,3.87309426620598
0.0328129318701369,3.87805644362493
0.0334747605374002,3.882544753069
0.0341365892046631,3.88659630508326
0.0347984178719261,3.89024483176106
0.035460246539189,3.89352161344795
0.036122075206452,3.89645575326356
0.0367839038737148,3.89907409188137
0.0374457325409777,3.90140102646439
0.0381075612082405,3.90345918091619
0.0387693898755034,3.9052696044325
0.0394363530329216,3.90686314031239
0.0401033161903399,3.90824285417706
0.0407702793477582,3.90942547625266
0.0414372425051765,3.91042656517819
0.0421487162042049,3.91131050035162
0.0428601899032334,3.91201993695703
0.0435716636022619,3.91256940055734
0.0442831373012904,3.91297234747974
0.0450413544505739,3.91325436062726
0.0457995715998574,3.91339738459211
0.046557788749141,3.91341371695199
0.0473160058984245,3.91331470615521
0.0481275031604015,3.91309267153528
0.0489390004223785,3.91276164233917
0.0497504976843555,3.91233191186349
0.0505619949463325,3.91181293969804
0.051434293344077,3.91116534650129
0.0523065917418214,3.9104338971347
0.0531788901395658,3.90962708187532
0.0540511885373102,3.90875266934218
0.0549934923578131,3.90774017986477
0.055935796178316,3.90666460112213
0.0568780999988189,3.90553281865178
0.0578204038193218,3.90435110440398
0.0588440717605313,3.90301728202886
0.0598677397017409,3.9016372542706
0.0608914076429505,3.90021649499314
0.06191507558416,3.89875996803044
0.0630343298729635,3.89713166947097
0.0641535841617669,3.89547064483867
0.0652728384505703,3.89378114348607
0.0663920927393737,3.89206700313555
0.0676250291582723,3.89015424403807
0.0688579655771709,3.88821930254818
0.0700909019960695,3.88626538376519
0.0713238384149681,3.88429537364518
0.0726939096242438,3.88209039314722
0.0740639808335196,3.87987129776609
0.0754340520427953,3.87764042050088
0.0768041232520711,3.87539986089509
0.0783423791324945,3.87287492748926
0.079880635012918,3.87034192200978
0.0814188908933415,3.86780246794051
0.082957146773765,3.86525803316444
0.0847057309868203,3.86236119492637
0.0864543151998757,3.85946075081672
0.0882028994129311,3.85655776604462
0.0899514836259864,3.85365321904942
0.0919693017006918,3.85030054976961
0.0939871197753971,3.84694762061544
0.0960049378501025,3.84359507627243
0.0980227559248078,3.84024353312453
0.100395076118928,3.83630511175757
0.102767396313048,3.83236914930147
0.105139716507169,3.82843599161332
0.107512036701289,3.82450600291996
0.110367585545872,3.8197800936707
0.113223134390454,3.81505933367777
0.116078683235037,3.81034387254624
0.11893423207962,3.80563391176873
0.122477241449638,3.7997979139055
0.126020250819656,3.79397060835268
0.129563260189675,3.78815202805815
0.133106269559693,3.78234227753421
0.13767791548149,3.77485894749996
0.142249561403286,3.76739033868462
0.146821207325083,3.75993641751353
0.15139285324688,3.75249723073984
0.1575626305087,3.74248089212185
0.16373240777052,3.73249124983567
0.16990218503234,3.72252820445967
0.176071962294161,3.71259176435396
0.184349664803157,3.69930233647398
0.192627367312153,3.68606037998601
0.20090506982115,3.67286559811317
0.209182772330146,3.65971812816909
0.215888642660693,3.64910198896223
0.22259451299124,3.63851652616523
0.229300383321787,3.62796154193124
0.236006253652333,3.61743722835929
0.24271212398288,3.60694373187607
0.249417994313427,3.5964805611698
0.256123864643974,3.58604752408875
0.262829734974521,3.57564480167807
0.269931585207197,3.5646610290331
0.277033435439872,3.55371085377675
0.284135285672548,3.54279402379958
0.291237135905223,3.53191080699353
0.298331274684518,3.52107322217744
0.305425413463813,3.51026869883559
0.312519552243107,3.49949693441955
0.319613691022402,3.48875832880266
0.326285305842046,3.47868986869997
0.33295692066169,3.46865027009384
0.339628535481334,3.45863927289453
0.346300150300978,3.44865725198064
0.352648268048911,3.43918640017793
0.358996385796844,3.42974141121707
0.365344503544778,3.42032209970568
0.371692621292711,3.41092870577152
0.378189888533939,3.40134162671708
0.384687155775167,3.39178138234081
0.391184423016395,3.38224780353196
0.397681690257623,3.37274106355041
0.404650826682161,3.36257387913047
0.411619963106699,3.3524372220948
0.418589099531237,3.34233087839478
0.425558235955776,3.33225506310423
0.432773985346797,3.32185509122306
0.439989734737819,3.31148740285554
0.44720548412884,3.30115170946737
0.454421233519861,3.29084837495485
0.461323968259356,3.28102258673603
0.46822670299885,3.27122592465037
0.475129437738344,3.26145809409908
0.482032172477838,3.25171953340446
0.488444749742183,3.24269902525872
0.494857327006529,3.23370336705286
0.501269904270875,3.22473234984983
0.50768248153522,3.21578628127473
0.514005294129771,3.20699007908789
0.520328106724321,3.19821781737896
0.526650919318871,3.18946933818603
0.532973731913421,3.18074482883101
0.539717390855247,3.17146618566392
0.546461049797073,3.16221450223042
0.553204708738898,3.15298960032602
0.559948367680724,3.14379165727682
0.567165472214681,3.13397801243668
0.574382576748638,3.12419485478671
0.581599681282595,3.11444193116102
0.588816785816552,3.10471953735633
0.595963675760951,3.09512210847725
0.60311056570535,3.08555413689883
0.61025745564975,3.07601530933339
0.617404345594149,3.06650608676519
0.624002405197024,3.05775372493969
0.6306004647999,3.04902613903987
0.637198524402776,3.04032307877343
0.643796584005652,3.03164494312377
0.650036909170328,3.02346051518243
0.656277234335004,3.0152980420948
0.662517559499679,3.00715736104392
0.668757884664355,2.9990387004719
0.675236510201071,2.99063347820159
0.681715135737786,2.98225170994508
0.688193761274502,2.97389324446459
0.694672386811217,2.96555824363201
0.701743841442393,2.95648748564827
0.70881529607357,2.94744435270224
0.715886750704746,2.93842863662258
0.722958205335922,2.9294405617661
0.730282771994162,2.92016016336062
0.737607338652401,2.91090897602327
0.744931905310641,2.90168669873313
0.75225647196888,2.89249375191933
0.75913738091489,2.88388470510545
0.7660182898609,2.87530105223803
0.77289919880691,2.8667424941716
0.77978010775292,2.85820952196946
0.786074078711976,2.85042713469445
0.792368049671033,2.84266576408322
0.798662020630089,2.83492522124877
0.804955991589145,2.82720581079855
0.811201659804379,2.81956673881727
0.817447328019612,2.81194819705002
0.823692996234846,2.8043500483021
0.82993866445008,2.79677246394466
0.836739146658395,2.78854528151915
0.843539628866711,2.78034220014148
0.850340111075027,2.77216305358482
0.857140593283343,2.76400801456775
0.864496942897708,2.75521372818742
0.871853292512073,2.74644726890454
0.879209642126438,2.73770837728033
0.886565991740803,2.72899738471605
0.893762608069077,2.72050286971304
0.900959224397352,2.71203456215733
0.908155840725627,2.70359213107219
0.915352457053902,2.69517611252729
0.921853690975313,2.68759638573187
0.928354924896724,2.68003776105967
0.934856158818135,2.67249999882761
0.941357392739546,2.66498351785216
0.947475803628763,2.65792934724976
0.953594214517979,2.6508937162063
0.959712625407196,2.64387648443717
0.965831036296413,2.63687786339769
0.972300618863286,2.62949795361228
0.978770201430159,2.62213860470917
0.985239783997032,2.61479968169327
0.991709366563905,2.60748133347141
0.998909133899264,2.5993613506158
1.00610890123462,2.59126653555753
1.01330866856998,2.5831966829158
1.02050843590534,2.57515202890416
1.02795297214885,2.56686066036483
1.03539750839235,2.55859577950666
1.04284204463586,2.55035706485504
1.05028658087937,2.54214500929816
1.05712732198349,2.53462290469555
1.06396806308762,2.5271228067812
1.07080880419175,2.51964440932294
1.07764954529587,2.51218826059014
1.08380459024563,2.50549885241096
1.08995963519538,2.49882708492887
1.09611468014514,2.49217279052169
1.10226972509489,2.48553626377881
1.10843747790387,2.4789040568909
1.11460523071285,2.47228944661115
1.12077298352182,2.46569231503213
1.1269407363308,2.45911281553579
1.13381862795745,2.45179670267127
1.14069651958409,2.44450226171571
1.14757441121073,2.43722933645031
1.15445230283738,2.42997809509269
1.16196951792807,2.42207783897227
1.16948673301877,2.41420310398914
1.17700394810946,2.40635361876548
1.18452116320016,2.39852976040129
1.19175994784799,2.39102029512494
1.19899873249583,2.38353407880816
1.20623751714366,2.37607075543994
1.2134763017915,2.368630951931
1.21985852062715,2.36209142622913
1.2262407394628,2.35556973104056
1.23262295829845,2.34906563885217
1.2390051771341,2.34257958236891
1.24499235505614,2.33651165768671
1.25097953297818,2.33045932669796
1.25696671090021,2.32442247076225
1.26295388882225,2.31840128093717
1.26942648233934,2.3119096891236
1.27589907585644,2.3054361895828
1.28237166937353,2.29898066166227
1.28884426289062,2.29254324118521
1.29619571065293,2.28525386149031
1.30354715841525,2.27798754000395
1.31089860617756,2.27074407119367
1.31825005393987,2.26352370671271
1.32581975875123,2.25611343931852
1.33338946356259,2.24872719737272
1.34095916837395,2.24136463035121
1.34852887318531,2.23402632228518
1.35531038803958,2.22747316948753
1.36209190289384,2.22093896393024
1.36887341774811,2.21442339088533
1.37565493260238,2.20792705792666
1.38165690222116,2.20219389947513
1.38765887183994,2.19647545914324
1.39366084145872,2.19077159107469
1.39966281107751,2.18508257404287
1.40575665436333,2.17932185644619
1.41185049764915,2.17357623622625
1.41794434093498,2.16784561259897
1.4240381842208,2.16213012103142
1.43101152087895,2.15560843788488
1.43798485753711,2.14910633757889
1.44495819419526,2.14262367207694
1.45193153085341,2.13616060611995
1.4596235685115,2.12905439446678
1.46731560616959,2.12197164502425
1.47500764382768,2.11491206900555
1.48269968148577,2.10787610049128
1.48702476111433,2.10393041727594
1.49134984074289,2.09999207108874
1.49567492037144,2.09606104929296
1.5,2.09213737558333
1.5,2.09213737558333
1.50062037973823,2.27399956709423
1.50124075947646,2.4424740694321
1.5018611392147,2.59853704001296
1.50248151895293,2.74310011562859
1.50310189869116,2.87700831772361
1.50372227842939,3.00103530812654
1.50434265816762,3.11590157729302
1.50496303790586,3.22227999375346
1.50562589873362,3.32726762036085
1.50628875956138,3.42397150628752
1.50695162038914,3.51303505180801
1.5076144812169,3.59505681931971
1.508276284241,3.67047312319012
1.50893808726509,3.73991957023052
1.50959989028918,3.80385914454844
1.51026169331327,3.86272260594362
1.51092352261766,3.91690929257978
1.51158535192204,3.96677792049046
1.51224718122642,4.01266339150698
1.51290901053081,4.05487729711783
1.51357083918224,4.09370696933073
1.51423266783368,4.1294136582224
1.51489449648511,4.16223958523973
1.51555632513655,4.1924101123778
1.5162181538042,4.22013308292438
1.51687998247185,4.24559741732032
1.51754181113951,4.26897830545782
1.51820363980716,4.29043874340338
1.51886546847441,4.31012905610005
1.51952729714166,4.32818588333026
1.52018912580891,4.34473593350189
1.52085095447616,4.35989709567497
1.52151278314342,4.37377809435826
1.52217461181069,4.38647775606611
1.52283644047795,4.39808772432331
1.52349826914521,4.40869326394312
1.52416009781248,4.41837301135411
1.52482192647975,4.42719844412804
1.52548375514701,4.43523584464303
1.52614558381428,4.44254688178857
1.52680741248154,4.44918843038602
1.5274692411488,4.4552121875178
1.52813106981606,4.46066609277279
1.52879289848332,4.4655947489724
1.52945472715058,4.47003929156404
1.53011655581784,4.47403711112595
1.5307783844851,4.47762288057886
1.53144021315236,4.4808288594817
1.53210204181962,4.48368479956873
1.53276387048689,4.48621774404733
1.53342569915416,4.4884527705427
1.53408752782142,4.49041321118378
1.53474935648868,4.49212058428167
1.53541118515595,4.4935944491692
1.53607301382321,4.49485294354547
1.53673484249047,4.49591294265608
1.53743194839263,4.49683191320652
1.53812905429479,4.49756441783059
1.53882616019695,4.49812568212087
1.53952326609912,4.49852982821926
1.54026605437112,4.49880213079986
1.54100884264313,4.49892489364619
1.54175163091513,4.49891109478016
1.54249441918714,4.49877272557593
1.54328831590248,4.49849948876477
1.54408221261782,4.49810838770148
1.54487610933316,4.49761032767383
1.54567000604851,4.49701534409963
1.54652216403702,4.49627921755331
1.54737432202553,4.49545185885461
1.54822648001404,4.49454230691449
1.54907863800255,4.4935588439494
1.54999768402079,4.49242392309165
1.55091673003903,4.49121987938932
1.55183577605727,4.48995408481427
1.5527548220755,4.48863326402697
1.55375136808437,4.48714585930254
1.55474791409324,4.48560740777565
1.5557444601021,4.48402380926152
1.55674100611097,4.48240042131371
1.55782827637647,4.48058942673506
1.55891554664198,4.4787419108565
1.56000281690749,4.47686249046131
1.561090087173,4.47495534017834
1.56228481857637,4.47283207226972
1.56347954997975,4.47068373166954
1.56467428138313,4.46851383468432
1.5658690127865,4.4663255499127
1.56719276461112,4.46388279039339
1.56851651643573,4.46142379478575
1.56984026826034,4.45895115377208
1.57116402008496,4.45646719826965
1.5726451338721,4.45367699561657
1.57412624765925,4.45087723906985
1.57560736144639,4.44806975946051
1.57708847523354,4.44525620830823
1.57876510045684,4.44206567467693
1.58044172568014,4.43887056959061
1.58211835090344,4.43567211904658
1.58379497612674,4.43247144155452
1.58571991349718,4.42879517597453
1.58764485086762,4.42511808406134
1.58956978823807,4.42144092920889
1.59149472560851,4.41776442922217
1.59374351213306,4.41347099519586
1.59599229865761,4.40917973823591
1.59824108518215,4.40489108612842
1.6004898717067,4.40060547162968
1.60317494357114,4.39549285331103
1.60586001543558,4.39038526311616
1.60854508730002,4.38528290204332
1.61123015916446,4.38018601386697
1.6145269898092,4.37393561553748
1.61782382045394,4.3676937783206
1.62112065109867,4.36146056340663
1.62441748174341,4.35523609879203
1.62861474946917,4.34732439329554
1.63281201719493,4.33942693974133
1.63700928492069,4.33154371906712
1.64120655264644,4.32367479032419
1.64679394852888,4.31322191319162
1.65238134441132,4.3027942619429
1.65796874029376,4.29239175506688
1.6635561361762,4.28201440240657
1.67118478186793,4.26788649957861
1.67881342755965,4.25380514893777
1.68644207325137,4.23977012546639
1.69407071894309,4.22578144982979
1.70301061897982,4.20944756239343
1.71195051901655,4.19317649007198
1.72089041905329,4.17696755892318
1.72983031909002,4.1608215777064
1.73525144851379,4.15106165624943
1.74067257793756,4.14132445149884
1.74609370736133,4.13160984215155
1.7515148367851,4.12191803211189
1.75693596620887,4.11224913374433
1.76235709563264,4.10260286213069
1.76777822505641,4.09297914348518
1.77319935448018,4.08337800312635
1.78044426434125,4.07058210519197
1.78768917420233,4.05782625143003
1.7949340840634,4.04511025818655
1.80217899392448,4.03243414398391
1.8109468682341,4.01714687227037
1.81971474254372,4.00191731789714
1.82848261685334,3.98674494470027
1.83725049116296,3.971630305659
1.8429704948329,3.96180113386012
1.84869049850284,3.95199613175984
1.85441050217278,3.94221515915172
1.86013050584272,3.93245841710275
1.86585050951265,3.92272601917494
1.87157051318259,3.91301764679667
1.87729051685253,3.9033332090414
1.88301052052247,3.89367274865164
1.8902746604845,3.88143900922227
1.89753880044652,3.86924364125248
1.90480294040854,3.85708645200838
1.91206708037057,3.84496749931406
1.92049122409724,3.83096136419612
1.92891536782392,3.81700601654011
1.93733951155059,3.80310096829593
1.94576365527727,3.78924676826958
1.95156790230296,3.77973103497831
1.95737214932865,3.77023904038336
1.96317639635434,3.76077063780111
1.96898064338004,3.7513260410564
1.97478489040573,3.74190537441241
1.98058913743142,3.73250829932927
1.98639338445711,3.72313471985612
1.99219763148281,3.71378469210554
1.9941482236121,3.71064779507054
1.9960988157414,3.70751354488825
1.9980494078707,3.7043819398726
2,3.70125297830885
2,3.70125297830885
2.00062037973823,3.8826827652503
2.00124075947646,4.05072497931836
2.0018611392147,4.20635577789009
2.00248151895293,4.35048679771919
2.00310189869116,4.48396306021242
2.00372227842939,4.60755822716109
2.00434265816762,4.72199278898418
2.00496303790586,4.82793961417557
2.00562589873362,4.93246622412219
2.00628875956138,5.02870922581876
2.00695162038915,5.11731201949677
2.00761448121691,5.19887316751114
2.00827628424101,5.27382971893412
2.0089380872651,5.34281654536633
2.0095998902892,5.406296630874
2.01026169331329,5.46470073521572
2.01092352261768,5.51842817828153
2.01158535192207,5.56783769430764
2.01224718122646,5.61326418508509
2.01290901053085,5.65501924206219
2.01357083918229,5.69339019765889
2.01423266783372,5.72863830145982
2.01489449648516,5.76100577487228
2.01555632513659,5.79071797985195
2.01621815380425,5.81798275963641
2.01687998247192,5.84298903463823
2.01754181113958,5.86591199471057
2.01820363980724,5.88691463588105
2.0188654684745,5.90614728305411
2.01952729714175,5.92374657597333
2.02018912580901,5.939839223008
2.02085095447626,5.95454311317963
2.02151278314352,5.96796697095834
2.02217461181078,5.98020962282038
2.02283644047804,5.99136271225228
2.0234982691453,6.00151150402906
2.02416009781256,6.01073463454118
2.02482192647983,6.01910358132226
2.02548375514709,6.02668462671235
2.02614558381436,6.03353943956299
2.02680741248162,6.03972489465759
2.02746924114888,6.04529268904066
2.02813106981614,6.05029076226322
2.0287928984834,6.05476371710887
2.02945472715066,6.05875268898724
2.03011655581792,6.06229506843882
2.03077838448518,6.06542552834663
2.03144021315244,6.06817632823194
2.03210204181969,6.07057721979132
2.03276387048695,6.07265524619457
2.03342569915421,6.07443548502929
2.03408752782147,6.07594126838687
2.03474935648873,6.07719411454088
2.03541118515599,6.07821358278659
2.03607301382326,6.07901781078564
2.03673484249052,6.07962367374612
2.03743194839375,6.08006444226079
2.03812905429699,6.08031888924327
2.03882616020022,6.08040224024248
2.03952326610346,6.08032861735668
2.04026605437659,6.08009200080508
2.04100884264973,6.07970600825684
2.04175163092287,6.07918361768109
2.042494419196,6.07853682039932
2.04328831591262,6.07772035335145
2.04408221262923,6.07678620885159
2.04487610934585,6.07574529212325
2.04567000606247,6.07460763851995
2.04652216405244,6.07328922495934
2.04737432204241,6.07187979416819
2.04822648003239,6.07038838497811
2.04907863802236,6.0688232795262
2.04999768404228,6.06706130221515
2.05091673006221,6.06523045166874
2.05183577608213,6.06333809975943
2.05275482210206,6.06139097104834
2.05375136811289,6.05922472573588
2.05474791412373,6.05700772662548
2.05574446013456,6.05474587340587
2.0567410061454,6.05244452350417
2.05782827641322,6.04989417998774
2.05891554668104,6.04730766333824
2.06000281694886,6.04468959017499
2.06109008721668,6.04204413496293
2.06228481862281,6.03910999213769
2.06347955002895,6.03615119620049
2.06467428143509,6.03317126324073
2.06586901284122,6.03017336164001
2.06719276466917,6.0268340430595
2.06851651649712,6.02347900239106
2.06984026832507,6.02011083002231
2.07116402015302,6.016731856576
2.07264513394427,6.01294084829221
2.07412624773552,6.00914092806491
2.07560736152677,6.00533392631335
2.07708847531801,6.00152149414567
2.07876510054646,5.99720099736575
2.08044172577491,5.99287674956731
2.08211835100336,5.98854997615195
2.08379497623181,5.98422179503408
2.08571991360887,5.979252049341
2.08764485098593,5.97428255551063
2.08956978836299,5.96931407603816
2.09149472574005,5.96434732783058
2.09374351227335,5.95854793783845
2.09599229880665,5.95275219130896
2.09824108533996,5.94696051460035
2.10048987187326,5.94117333904241
2.1031749437497,5.93426975796627
2.10586001562614,5.92737328706931
2.10854508750258,5.9204841249293
2.11123015937902,5.91360251290304
2.11452699004096,5.90516360202667
2.1178238207029,5.89673637573729
2.12112065136483,5.88832089076737
2.12441748202677,5.87991727066184
2.12861474977846,5.86923573399002
2.13281201753015,5.85857348110903
2.13700928528185,5.84793048381543
2.14120655303354,5.83730679203592
2.1467939489565,5.82319454247577
2.15238134487946,5.80911636573623
2.15796874080242,5.79507215891774
2.16355613672538,5.7810619105265
2.17118478246845,5.76198807985141
2.17881342821152,5.74297711986055
2.18644207395459,5.72402875169551
2.19407071969765,5.70514294235799
2.20301061973201,5.68309073277258
2.21195051976637,5.66112344189796
2.22089041980073,5.63924031035298
2.22983031983509,5.61744206178737
2.23525144922716,5.60426526865707
2.24067257861923,5.59111920736968
2.2460937080113,5.57800373782062
2.25151483740337,5.56491904515676
2.25693596679544,5.55186522302905
2.26235709618752,5.5388419678499
2.26777822557959,5.52584918720779
2.27319935497166,5.5128868878392
2.28044426482356,5.4956113732981
2.28768917467547,5.47838994059322
2.29493408452737,5.46122236208121
2.30217899437928,5.44410861243256
2.31094686871662,5.42346945662569
2.31971474305396,5.40290830800947
2.32848261739131,5.38242455349817
2.33725049172865,5.36201866943994
2.34297049539722,5.34874840141899
2.34869049906578,5.33551081952527
2.35441050273434,5.32230576247489
2.36013050640291,5.3091334103095
2.36585051007147,5.29599385561776
2.37157051374004,5.28288675890683
2.3772905174086,5.26981200838062
2.38301052107717,5.25676962596367
2.39027466104467,5.24025306357524
2.39753880101218,5.22378832919004
2.40480294097968,5.20737518779409
2.41206708094719,5.19101365506391
2.4204912246808,5.1721041365197
2.42891536841442,5.15326326750639
2.43733951214804,5.13449049490608
2.44576365588166,5.11578630269328
2.45156790290149,5.102939201882
2.45737214992132,5.09012420590262
2.46317639694115,5.07734114706149
2.46898064396098,5.06459021822608
2.47478489098081,5.05187152275484
2.48058913800064,5.03918470125585
2.48639338502047,5.02652963697848
2.4921976320403,5.01390636528765
2.49939770475132,4.998291606347
2.50659777746234,4.98272540560865
2.51379785017336,4.96720753622213
2.52099792288437,4.95173803460917
2.52925620012237,4.93405466033173
2.53751447736036,4.91643421711584
2.54577275459836,4.8988761999626
2.55403103183635,4.88138106237161
2.55992970033622,4.86892345446549
2.56582836883608,4.85649748404658
2.57172703733595,4.84410297830814
2.57762570583581,4.83174013640376
2.58352437433568,4.81940906871287
2.58942304283554,4.8071093999351
2.59532171133541,4.7948410077103
2.60122037983527,4.78260394039247
2.60838868428082,4.76777515362593
2.61555698872636,4.75299226855698
2.6227252931719,4.73825506226942
2.62989359761744,4.7235635927278
2.63800450135382,4.70699557350458
2.64611540509019,4.69048545589213
2.65422630882657,4.67403277072015
2.66233721256294,4.65763795875271
2.66970775854423,4.64279033540359
2.67707830452552,4.62798964737794
2.68444885050681,4.61323530372539
2.69181939648809,4.59852823834467
2.69778577220256,4.5866581597642
2.70375214791702,4.57481845650056
2.70971852363148,4.56300888536814
2.71568489934594,4.55122985831999
2.72123437970262,4.54030152138754
2.72678386005931,4.52939932552693
2.732333340416,4.51852316397312
2.73788282077269,4.50767312856103
2.74436137510381,4.49503973241317
2.75083992943494,4.48244168230646
2.75731848376606,4.46987882856089
2.76379703809718,4.45735120702356
2.77165011632018,4.44221296478031
2.77950319454317,4.42712601358328
2.78735627276617,4.41209003053965
2.79520935098917,4.39710520219279
2.80319147668899,4.38192691218433
2.81117360238882,4.36680067402149
2.81915572808864,4.35172588410382
2.82713785378847,4.33670338872628
2.83373233264767,4.32433249693095
2.84032681150688,4.31199652258285
2.84692129036609,4.29969504071057
2.85351576922529,4.28742880305261
2.85905288847509,4.27715693649474
2.86459000772489,4.2669095153547
2.87012712697469,4.25668640969354
2.87566424622448,4.24648781328733
2.88152406547391,4.23572166111592
2.88738388472334,4.22498273760287
2.89324370397277,4.21427093517692
2.89910352322219,4.20358630358126
2.90633439139746,4.19043923331375
2.91356525957273,4.17733320788619
2.920796127748,4.16426801942537
2.92802699592326,4.15124373639165
2.93624480403532,4.13649162036178
2.94446261214738,4.12179170524886
2.95268042025944,4.10714352100223
2.96089822837149,4.0925475705093
2.96678693765205,4.08212077786147
2.97267564693261,4.07172039339081
2.97856435621317,4.061346257512
2.98445306549372,4.05099858444108
2.99034177477428,4.04067749874554
2.99623048405484,4.03038263775827
3.0021191933354,4.020113892705
3.00800790261595,4.00987132482557
3.0151678172822,3.99745299495054
3.02232773194846,3.98507304851046
3.02948764661471,3.97273128682567
3.03664756128096,3.96042778938811
3.04476301273125,3.94652876064458
3.05287846418154,3.93267830032218
3.06099391563183,3.91887597331653
3.06910936708212,3.90512224946909
3.07649249613395,3.89265237577351
3.08387562518578,3.88022192375625
3.09125875423761,3.86783032351983
3.09864188328945,3.85547853863498
3.10461299400919,3.84551866847788
3.11058410472894,3.83558426085579
3.11655521544869,3.82567508331429
3.12252632616843,3.81579156535534
3.12806934371082,3.80663983974269
3.1336123612532,3.79750996303201
3.13915537879558,3.78840183886166
3.14469839633797,3.77931556980734
3.1511657968528,3.76874172603561
3.15763319736763,3.75819740532394
3.16410059788246,3.74768247488114
3.17056799839729,3.73719698606779
3.17841690088915,3.72451132667389
3.18626580338101,3.71186860689382
3.19411470587286,3.69926853370129
3.20196360836472,3.6867113185523
3.20995626781346,3.67396853811708
3.2179489272622,3.66126946084058
3.22594158671094,3.64861351206305
3.23393424615968,3.63600156574696
3.24053959670442,3.62561252338862
3.24714494724916,3.61525279123377
3.25375029779391,3.60492195665825
3.26035564833865,3.59462079515794
3.26589245423702,3.58600930443094
3.27142926013539,3.57741827846956
3.27696606603377,3.56884759628191
3.28250287193214,3.56029746329867
3.28835246566735,3.55128676597033
3.29420205940257,3.54229880667395
3.30005165313778,3.53333348953928
3.305901246873,3.52439087551892
3.31312177036,3.5133838087921
3.320342293847,3.50241104520832
3.327562817334,3.49147239895632
3.334783340821,3.48056795774445
3.34300425790627,3.46819457481986
3.35122517499155,3.45586495767482
3.35944609207682,3.44357866818125
3.36766700916209,3.43133623419449
3.37356219883599,3.42258447892519
3.37945738850989,3.41385488913354
3.3853525781838,3.4051473158278
3.3912477678577,3.39646198381601
3.3971429575316,3.38779902847834
3.4030381472055,3.37915809729532
3.4089333368794,3.37053909181795
3.41482852655331,3.36194208458741
3.42198911472542,3.35152939409247
3.42914970289753,3.34114887828192
3.43631029106964,3.33080035728397
3.44347087924175,3.32048393076174
3.45157890924676,3.30884145734392
3.45968693925176,3.29723959556283
3.46779496925676,3.28567793861953
3.47590299926176,3.27415698371803
3.48327991101446,3.26371079975088
3.49065682276715,3.25329754905676
3.49803373451985,3.24291668540149
3.50541064627255,3.23256918637918
3.51138354443861,3.22421605689113
3.51735644260467,3.21588424680445
3.52332934077073,3.20757353496195
3.52930223893679,3.19928435945201
3.53485167923255,3.19160240330948
3.54040111952832,3.18393879230852
3.54595055982408,3.17629343818286
3.55150000011985,3.16866645222284
3.55797198072185,3.15979484168787
3.56444396132386,3.15094800893447
3.57091594192587,3.14212583409077
3.57738792252788,3.13332838243258
3.58523439443071,3.12269583117171
3.59308086633354,3.11209923871385
3.60092733823637,3.10153833531093
3.6087738101392,3.09101335718815
3.61675870651161,3.08033999111069
3.62474360288402,3.06970314016166
3.63272849925642,3.05910225601951
3.64071339562883,3.04853823427399
3.64731574486703,3.03983178225296
3.65391809410522,3.03114982312486
3.66052044334342,3.0224919601119
3.66712279258161,3.01385897745263
3.67266333091951,3.00663398215159
3.67820386925741,2.99942614215694
3.68374440759532,2.99223534435884
3.68928494593322,2.98506180163355
3.69514063690431,2.97749911326863
3.7009963278754,2.96995551799024
3.70685201884649,2.96243092887901
3.71270770981759,2.95492541648045
3.71993082086766,2.94569357073877
3.72715393191774,2.93649049384383
3.73437704296782,2.92731601681869
3.74160015401789,2.91817024557545
3.74981586924179,2.90780278545377
3.75803158446569,2.89747193628415
3.76624729968958,2.88717728519459
3.77446301491348,2.87691938609669
3.7803579103838,2.86958210330439
3.78625280585412,2.86226337713939
3.79214770132444,2.85496306775675
3.79804259679476,2.84768140935881
3.80393749226508,2.84041854662014
3.8098323877354,2.8331741359658
3.81572728320571,2.82594808804369
3.82162217867603,2.81874048454741
3.82878169398713,2.81001153651703
3.83594120929822,2.80130954415547
3.84310072460931,2.7926343438085
3.8502602399204,2.78398605117896
3.85836763421103,2.77422549059751
3.86647502850166,2.76449894050924
3.87458242279229,2.75480601751476
3.88268981708292,2.74514724130268
3.89006744053945,2.73638811390312
3.89744506399598,2.72765653977513
3.9048226874525,2.71895198995352
3.91220031090903,2.71027545882848
3.91817418945204,2.7032708915008
3.92414806799504,2.69628416150598
3.93012194653804,2.68931505651308
3.93609582508105,2.68236402392401
3.94164545736705,2.67592307809014
3.94719508965305,2.66949749793894
3.95274472193905,2.6630872023177
3.95829435422505,2.65669230977548
3.96476554319042,2.64925504582123
3.97123673215578,2.64183854117224
3.97770792112115,2.63444268722206
3.98417911008651,2.62706756047034
3.99202456950684,2.61815411803148
3.99987002892716,2.60927079690743
4.00771548834749,2.60041734729544
4.01556094776782,2.59159402488268
4.02354599780134,2.58264507733163
4.03153104783487,2.57372669098958
4.0395160978684,2.56483833837453
4.04750114790192,2.55598093488101
4.05410452244258,2.54868016471018
4.06070789698323,2.54139987583143
4.06731127152388,2.53413968277087
4.07391464606453,2.52690038144532
4.07945578523574,2.52084214513858
4.08499692440695,2.51479826846796
4.09053806357815,2.50876864493423
4.09607920274936,2.50275349432517
4.10193449583009,2.49641318938379
4.10778978891082,2.49008887943265
4.11364508199155,2.48378048539615
4.11950037507228,2.47748808569321
4.12672246431615,2.46974897214514
4.13394455356002,2.4620339603658
4.14116664280389,2.45434289601451
4.14838873204776,2.44667589945068
4.15660398820466,2.43798406581128
4.16481924436157,2.42932288835351
4.17303450051847,2.4206919756065
4.18124975667538,2.41209190199163
4.18714552288907,2.40593925052716
4.19304128910275,2.39980213665702
4.19893705531644,2.3936804281981
4.20483282153013,2.38757436704564
4.21072858774382,2.38148410556966
4.21662435395751,2.37540930772334
4.22252012017119,2.36934989172293
4.22841588638488,2.36330594696789
4.23557531045219,2.35598748018219
4.24273473451949,2.34869160075282
4.2498941585868,2.34141815850259
4.25705358265411,2.33416728275028
4.26515981023572,2.32598499613306
4.27326603781733,2.31783118237447
4.28137226539895,2.309705477583
4.28947849298056,2.30160842062186
4.29685535577229,2.29426537534282
4.30423221856401,2.28694536253879
4.31160908135573,2.27964786810225
4.31898594414746,2.27237389980465
4.32496024817331,2.26650072402861
4.33093455219915,2.26064246261774
4.336908856225,2.25479891085119
4.34288316025085,2.24897052342918
4.34843374091798,2.24356935928375
4.35398432158512,2.23818106621314
4.35953490225225,2.23280556900606
4.36508548291939,2.22744299225822
4.37155718574574,2.22120691005689
4.37802888857208,2.21498822581987
4.38450059139843,2.20878684030406
4.39097229422478,2.20260283949212
4.39881722875773,2.19513010195355
4.40666216329069,2.18768259568981
4.41450709782365,2.1802600874523
4.4223520323566,2.17286284957725
4.43033600277697,2.16536090147091
4.43831997319734,2.15788451436385
4.44630394361771,2.1504331782975
4.45428791403807,2.14300782530269
4.46089104107824,2.13688697690139
4.4674941681184,2.13078323885594
4.47409729515856,2.12469623558958
4.48070042219873,2.11862677195594
4.48624219979008,2.11354683571831
4.49178397738142,2.10847891499138
4.49732575497277,2.10342290887482
4.50286753256412,2.09837904273808
4.50872362562265,2.09306244650366
4.51457971868118,2.08775925363673
4.52043581173971,2.08246939158915
4.52629190479824,2.07719294539465
4.53351418221466,2.07070411307138
4.54073645963109,2.06423547734565
4.54795873704752,2.05778689602221
4.55518101446395,2.05135850174623
4.56339544618117,2.04407181756807
4.57160987789839,2.03681079497618
4.57982430961562,2.02957506025776
4.58803874133284,2.0223652055116
4.59393462017235,2.01720659728936
4.59983049901185,2.01206099122722
4.60572637785135,2.00692826159464
4.61162225669086,2.00180865677068
4.61751813553036,1.99670233558567
4.62341401436986,1.9916089683638
4.62930989320937,1.98652847971165
4.63520577204887,1.98146096544185
4.64236502666799,1.97532512478979
4.64952428128712,1.96920820873263
4.65668353590624,1.9631100784338
4.66384279052537,1.95703087453156
4.67194872010342,1.95017091823955
4.68005464968148,1.94333479843181
4.68816057925953,1.93652216752177
4.69626650883759,1.9297335804546
4.70364333818058,1.92357708849131
4.71102016752357,1.91743984310704
4.71839699686656,1.91132134236531
4.72577382620956,1.90522260585648
4.73174834587741,1.90029826702757
4.73772286554526,1.89538639048241
4.74369738521312,1.89048677782397
4.74967190488097,1.88559989008091
4.75522268144625,1.88107127351582
4.76077345801154,1.87655343280067
4.76632423457682,1.87204629774199
4.77187501114211,1.86754999798567
4.77834669211234,1.86232152764041
4.78481837308257,1.85710763418559
4.7912900540528,1.85190822626982
4.79776173502303,1.84672339776995
4.80560643159638,1.84045826563998
4.81345112816973,1.83421426702237
4.82129582474309,1.82799118258328
4.82914052131644,1.82178929849402
4.83712432188885,1.81549966789301
4.84510812246127,1.80923141200983
4.85309192303369,1.80298403542543
4.86107572360611,1.79675848437577
4.86767895323254,1.79162661015647
4.87428218285898,1.78650902158298
4.88088541248541,1.7814053511732
4.88748864211185,1.77631641174481
4.89303061904211,1.77205714691729
4.89857259597237,1.76780793007998
4.90411457290263,1.76356866503382
4.90965654983288,1.75933958188288
4.91551272815335,1.75488195376091
4.92136890647381,1.75043555277317
4.92722508479428,1.746000311878
4.93308126311474,1.74157632162715
4.94030342783219,1.73613600726556
4.94752559254964,1.73071261376536
4.95474775726709,1.7253060091623
4.96196992198453,1.71991633631183
4.97018414153396,1.71380718549893
4.97839836108339,1.70771951280536
4.98661258063281,1.70165295941611
4.99482680018224,1.69560813215528
5.00072282359299,1.69128294830089
5.00661884700373,1.68696864088453
5.01251487041448,1.68266508959031
5.01841089382523,1.6783725482139
5.02430691723597,1.67409118099037
5.03020294064672,1.66982066360072
5.03609896405747,1.6655609260095
5.04199498746821,1.66131206940312
5.04915419889102,1.65616765966228
5.05631341031383,1.65103910426384
5.06347262173664,1.64592627387111
5.07063183315945,1.64082931862119
5.07873754286309,1.63507794451057
5.08684325256673,1.62934652027733
5.09494896227037,1.62363471198089
5.10305467197401,1.61794308809728
5.11043138656978,1.61278148865297
5.11780810116554,1.60763596124326
5.12518481576131,1.60250601413813
5.13256153035707,1.59739267684199
5.13853614925157,1.59326397850599
5.14451076814608,1.58914568600878
5.15048538704058,1.58503760627455
5.15646000593509,1.58094020560135
5.16201095302137,1.57714319944821
5.16756190010765,1.57335521225172
5.17311284719394,1.56957617802878
5.17866379428022,1.56580623065061
5.18513554485363,1.56142250391348
5.19160729542704,1.5570509891668
5.19807904600045,1.55269160167251
5.20455079657386,1.54834444192754
5.21239537566433,1.5430916876764
5.22023995475481,1.53785663200807
5.22808453384528,1.53263906723872
5.23592911293576,1.52743929116596
5.24391272883158,1.52216609011581
5.2518963447274,1.51691075394969
5.25987996062323,1.51167279941829
5.26786357651905,1.50645318471653
5.27446678902827,1.50215058534858
5.28107000153748,1.49785990279812
5.2876732140467,1.49358077639248
5.29427642655592,1.48931402558699
5.29981853033967,1.4857429055187
5.30536063412342,1.48218018348658
5.31090273790717,1.47862576724225
5.31644484169092,1.47507989083844
5.32230114964082,1.47134242658845
5.32815745759072,1.46761436495401
5.33401376554063,1.46389564350973
5.33987007349053,1.46018635743142
5.34709224500072,1.45562505956289
5.3543144165109,1.45107793664388
5.36153658802109,1.44654486527995
5.36875875953128,1.44202599689716
5.37697282329524,1.43690406231783
5.38518688705921,1.43180009873562
5.39340095082317,1.42671375980162
5.40161501458713,1.42164566473798
5.40751107991742,1.41801932787405
5.41340714524771,1.41440208476837
5.419303210578,1.41079381964915
5.42519927590828,1.40719479085416
5.43109534123857,1.40360516714838
5.43699140656886,1.40002462871461
5.44288747189915,1.39645311001548
5.44878353722943,1.39289071673483
5.45594271670369,1.38857753726834
5.46310189617795,1.38427763804041
5.4702610756522,1.37999089768377
5.47742025512646,1.37571747428731
5.48552588295275,1.37089545801974
5.49363151077903,1.36609013374296
5.50173713860532,1.3613011789475
5.50984276643161,1.35652917346476
5.51721945575649,1.35220165454985
5.52459614508137,1.34788754643153
5.53197283440624,1.34358636589765
5.53934952373112,1.33929915085211
5.54532419118651,1.33583758095987
5.5512988586419,1.33238469249888
5.55727352609729,1.3289402968498
5.56324819355268,1.3255048647519
5.56879919910529,1.32232134458432
5.57435020465789,1.31914536994546
5.5799012102105,1.31597687838755
5.58545221576311,1.31281600731944
5.59192397563462,1.30914057851961
5.59839573550614,1.30547537868265
5.60486749537766,1.30182032862016
5.61133925524917,1.2981755343712
5.61918377932005,1.29377153714105
5.62702830339092,1.28938235888484
5.6348728274618,1.28500780168908
5.64271735153267,1.28064817308682
5.65070091015925,1.27622708434378
5.65868446878582,1.27182091835351
5.6666680274124,1.26742920204601
5.67465158603897,1.26305290368967
5.68125481017076,1.25944557467412
5.68785803430254,1.25584817645837
5.69446125843433,1.25226035405423
5.70106448256611,1.2486829325427
5.70660663751918,1.2456888269726
5.71214879247225,1.2427017358042
5.71769094742532,1.23972157010375
5.72323310237839,1.23674856723836
5.72908944566966,1.23361497238104
5.73494578896092,1.23048925008991
5.74080213225219,1.22737134181423
5.74665847554346,1.22426134660177
5.7538806321356,1.22043705226942
5.76110278872775,1.21662463056739
5.7683249453199,1.21282396529158
5.77554710191205,1.2090352150425
5.7837611075025,1.20474092265589
5.79197511309294,1.2004616612755
5.80018911868339,1.19619709500224
5.80840312427384,1.19194785344965
5.81429921777956,1.18890746072753
5.82019531128528,1.18587466705883
5.82609140479101,1.18284936048303
5.83198749829673,1.17983180314343
5.83788359180245,1.176822167601
5.84377968530818,1.17382013781697
5.8496757788139,1.1708256520263
5.85557187231963,1.16783881968171
5.86273103990741,1.16422255347695
5.8698902074952,1.16061740939312
5.87704937508299,1.15702327274445
5.88420854267077,1.15344030828598
5.89231412441038,1.14939746588538
5.90041970614999,1.14536858414988
5.90852528788959,1.14135335014909
5.9166308696292,1.13735235324405
5.9240075380193,1.13372414652483
5.9313842064094,1.13010711936785
5.93876087479951,1.12650079569574
5.94613754318961,1.12290622047103
5.95211223351698,1.12000400699008
5.95808692384435,1.11710902905926
5.96406161417172,1.11422110179741
5.97003630449909,1.1113406996662
5.97558734489662,1.10867156013727
5.98113838529415,1.10600873069416
5.98668942569168,1.10335215185454
5.99224046608921,1.1007019639911
5.99871223758217,1.09762039163824
6.00518400907513,1.09454738562481
6.01165578056808,1.0914828714158
6.01812755206104,1.08842695969571
6.02597204949118,1.08473456565637
6.03381654692132,1.08105457637054
6.04166104435145,1.07738680211477
6.04950554178159,1.07373155858638
6.05748906375023,1.07002489010413
6.06547258571888,1.06633067770546
6.07345610768753,1.06264845684787
6.08143962965617,1.05897920426105
6.08804285341468,1.05595481614762
6.09464607717318,1.05293869366003
6.10124930093169,1.04993048657482
6.1078525246902,1.04693102469477
6.11339470693788,1.04442071964809
6.11893688918557,1.0419162688522
6.12447907143325,1.03941758615403
6.13002125368093,1.03692491169715
6.1358776218364,1.03429762559343
6.14173398999187,1.0316769291811
6.14759035814734,1.02906276715867
6.15344672630281,1.02645524181904
6.16066888120042,1.02324886465653
6.16789103609802,1.02005242984059
6.17511319099563,1.01686582719559
6.18233534589323,1.01368922133679
6.19054931879607,1.01008883127797
6.19876329169891,1.0065010073667
6.20697726460175,1.00292542246154
6.21519123750458,0.999362714895458
6.22108734204437,0.99681360405469
6.22698344658415,0.994270839014386
6.23287955112393,0.991734311010276
6.23877565566371,0.989204285375877
6.2446717602035,0.986680937854151
6.25056786474328,0.984163955576449
6.25646396928306,0.981653279941484
6.26236007382284,0.979149023560319
6.26951923471466,0.976117065734088
6.27667839560647,0.97309442062303
6.28383755649828,0.970080979143921
6.29099671739009,0.967076911639034
6.29910227917689,0.963687335797176
6.30720784096368,0.960309430702155
6.31531340275047,0.956942891452864
6.32341896453726,0.953588315403522
6.33079562556963,0.950546424539766
6.338172286602,0.947513842549562
6.34554894763437,0.944490099330778
6.35292560866673,0.941476245779539
6.35890031003068,0.939043019202498
6.36487501139463,0.93661581587122
6.37084971275857,0.934194454038296
6.37682441412252,0.931779411289422
6.38237546911402,0.929541553883499
6.38792652410553,0.92730897068118
6.39347757909704,0.925081604687354
6.39902863408854,0.922859598758522
6.40550040898898,0.920275936479358
6.41197218388942,0.917699446526736
6.41844395878986,0.915130058267902
6.4249157336903,0.912567886280787
6.43276021848563,0.90947211272417
6.44060470328097,0.906386719822802
6.4484491880763,0.903311524720174
6.45629367287163,0.900246849957403
6.46427718009342,0.897139160255166
6.47226068731522,0.894041858586768
6.48024419453701,0.890954487554832
6.48822770175881,0.887878030992849
6.49483092711395,0.885342396276163
6.50143415246909,0.882813631056723
6.50803737782423,0.880291389102233
6.51464060317937,0.877776504183895
6.52018279762784,0.875671838938158
6.52572499207631,0.873572055201951
6.53126718652478,0.871477069154181
6.53680938097325,0.869387123266354
6.54266575862994,0.867184348272262
6.54852213628663,0.864987087333084
6.55437851394332,0.862795287872296
6.5602348916,0.860609054902589
6.5674570440595,0.857920756982499
6.574679196519,0.855240783004638
6.5819013489785,0.852569027848474
6.58912350143799,0.849905661170488
6.59733746017366,0.846887049179773
6.60555141890932,0.84387893679455
6.61376537764498,0.840881004215235
6.62197933638064,0.837893897086275
6.62787544692492,0.835756693437028
6.63377155746919,0.833624784812453
6.63966766801346,0.831498065128437
6.64556377855773,0.829376802392773
6.651459889102,0.827261175015884
6.65735599964628,0.825150872787968
6.66325211019055,0.823045839760618
6.66914822073482,0.820946191192381
6.67630737872879,0.818404132141203
6.68346653672276,0.815869868759875
6.69062569471672,0.813343296662613
6.69778485271069,0.810824590875727
6.70589040433564,0.807982727343922
6.71399595596059,0.805150614659917
6.72210150758554,0.802327954653512
6.73020705921049,0.799515351382588
6.73758371593165,0.796965042767402
6.74496037265281,0.794422474595562
6.75233702937397,0.79188718177257
6.75971368609513,0.789360220174558
6.76568839270495,0.78732020819277
6.77166309931476,0.78528520301191
6.77763780592458,0.783255025512143
6.7836125125344,0.781230155898789
6.78916357512119,0.779353900917464
6.79471463770799,0.7774820516111
6.80026570029478,0.775614553070277
6.80581676288158,0.773751550233433
6.81228854005428,0.771585350383963
6.81876031722699,0.769425154078203
6.8252320943997,0.767270893955358
6.83170387157241,0.765122687857269
6.83954835029672,0.762527134738415
6.84739282902104,0.759940265234034
6.85523730774535,0.757361902244881
6.86308178646966,0.754792374050148
6.87106528580931,0.752186881900431
6.87904878514897,0.74959004389395
6.88703228448862,0.747001408622187
6.89501578382828,0.744421965878626
6.90161900941536,0.742296116379207
6.90822223500245,0.740175965819075
6.91482546058954,0.738061171311369
6.92142868617663,0.735952569956956
6.92697088671216,0.734188007285787
6.9325130872477,0.732427510537392
6.93805528778323,0.730670997846183
6.94359748831876,0.728918713635117
6.94945387123217,0.727071862648173
6.95531025414558,0.725229623862636
6.96116663705898,0.723391946986855
6.96702301997239,0.721558939313508
6.97424517175352,0.719305012931396
6.98146732353464,0.717058053580198
6.98868947531577,0.714817960377854
6.9959116270969,0.712584907207169
7.00412557862214,0.710054071369921
7.01233953014737,0.707532002511906
7.02055348167261,0.705018386988501
7.02876743319784,0.702513876575497
7.03466354639459,0.700722028926501
7.04055965959133,0.698934595295024
7.04645577278807,0.697151471844232
7.05235188598481,0.695372928823945
7.05824799918155,0.693599146880884
7.06414411237829,0.691829818034963
7.07004022557503,0.690064888562205
7.07593633877177,0.688304475940545
7.08309549528945,0.686173161246473
7.09025465180713,0.684048370292466
7.09741380832481,0.681930002631312
7.1045729648425,0.679818237216207
7.11267851179543,0.677435588950712
7.12078405874837,0.675061081850612
7.12888960570131,0.672694423388624
7.13699515265425,0.670336223244016
7.14437180755176,0.668198070122248
7.15174846244926,0.666066342432698
7.15912511734677,0.663940579278065
7.16650177224427,0.661821840712992
7.17247648137131,0.660111512042817
7.17845119049834,0.658405337951481
7.18442589962537,0.656703141522138
7.19040060875241,0.65500540515697
7.19595167478552,0.653432329457295
7.20150274081863,0.651862931226044
7.20705380685174,0.650297157302683
7.21260487288485,0.648735154370927
7.2190766509514,0.646918967312566
7.22554842901795,0.645107803854673
7.2320202070845,0.643301599379891
7.23849198515105,0.641500474466323
7.24633646098189,0.639324319068122
7.25418093681273,0.637155424445792
7.26202541264357,0.634993618327145
7.26986988847441,0.632839233802164
7.27785338429458,0.630654796656442
7.28583688011475,0.628477559921607
7.29382037593493,0.626307077209419
7.3018038717551,0.624144343312485
7.30840709761216,0.622362069332832
7.31501032346922,0.620584512862769
7.32161354932628,0.618811333819655
7.32821677518333,0.617043372097844
7.3337589785531,0.615563962225373
7.33930118192287,0.614087934458885
7.34484338529263,0.612615208572474
7.3503855886624,0.611146030625186
7.35624197387525,0.609597597429451
7.3620983590881,0.608053020290423
7.36795474430095,0.606512250832279
7.3738111295138,0.604975398259091
7.38103328082472,0.603085661144133
7.38825543213563,0.601201753388022
7.39547758344654,0.599323577662474
7.40269973475745,0.59745131139345
7.41091368296621,0.595329439487502
7.41912763117497,0.593214881887642
7.42734157938373,0.591107330109521
7.43555552759249,0.589007441069979
7.44145164212274,0.587505150118372
7.44734775665299,0.586006534520613
7.45324387118324,0.584511492324125
7.45913998571348,0.583020295658403
7.46503610024373,0.581533127045053
7.47093221477398,0.580049680373657
7.47682832930423,0.578569903785338
7.48272444383447,0.577093916618679
7.48988359967353,0.57530698132154
7.49704275551258,0.573525503344342
7.50420191135163,0.571749385542119
7.51136106719068,0.569978810160358
7.51946661185411,0.567981180136597
7.52757215651754,0.565990341680587
7.53567770118098,0.564006006996002
7.54378324584441,0.562028790475677
7.5511598997989,0.56023619987233
7.5585365537534,0.558448932160167
7.56591320770789,0.556666529960388
7.57328986166238,0.554890056832312
7.57926457199017,0.553456144405695
7.58523928231796,0.552025672028423
7.59121399264574,0.550598464630706
7.59718870297353,0.549175006456773
7.60273977070973,0.547856125407372
7.60829083844593,0.546540311274741
7.61384190618213,0.54522751236474
7.61939297391832,0.543917876824242
7.62586475246986,0.542395150512993
7.6323365310214,0.540876626189402
7.63880830957294,0.53936224153634
7.64528008812448,0.53785211942595
7.65312456256921,0.536027598441807
7.66096903701393,0.534209145288737
7.66881351145866,0.532396591741677
7.67665798590339,0.530590274924096
7.68464147996634,0.528758861633023
7.69262497402929,0.526933429906143
7.70060846809223,0.525113537563935
7.70859196215518,0.52330018359136
7.7151951880937,0.521805973097281
7.72179841403221,0.520315657253764
7.72840163997073,0.518828898329057
7.73500486590924,0.517346538560324
7.74054707065683,0.516106209304579
7.74608927540441,0.514868688821307
7.751631480152,0.513633898259421
7.75717368489959,0.512402085049649
7.76303007127582,0.511103854112664
7.76888645765206,0.509808845257565
7.7747428440283,0.508517011714864
7.78059923040453,0.507228464291104
7.7878213815343,0.505644073661783
7.79504353266406,0.504064558535474
7.80226568379383,0.502489824563521
7.80948783492359,0.500920052142456
7.81770178150755,0.499141066645792
7.82591572809151,0.497368177496538
7.83412967467546,0.495601080536737
7.84234362125942,0.493840436993872
7.84823973640767,0.492580918769962
7.85413585155591,0.491324456582335
7.86003196670416,0.490070950058261
7.86592808185241,0.488820672903167
7.87182419700065,0.487573809210567
7.8777203121489,0.486330054437735
7.88361642729715,0.485089358289577
7.8895125424454,0.483851841664628
7.89667169795185,0.482353643683904
7.9038308534583,0.480860008907006
7.91099000896476,0.479370842957689
7.91814916447121,0.477886330841717
7.92625470805671,0.476211510650171
7.93436025164221,0.474542350487915
7.94246579522772,0.47287856652509
7.95057133881322,0.471220777106721
7.95794799233814,0.46971791574637
7.96532464586306,0.46821945287631
7.97270129938797,0.466724934067459
7.98007795291289,0.465235425818238
7.98605266381559,0.464033268758181
7.99202737471829,0.462833952664753
7.99800208562099,0.461637304016783
8.00397679652368,0.460443808603018
8.00952786505756,0.459338051779376
8.01507893359144,0.458234849967575
8.02063000212532,0.457134152702977
8.0261810706592,0.456036109359146
8.03265284942536,0.454759428902646
8.03912462819153,0.453486261570033
8.04559640695769,0.452216546972778
8.05206818572385,0.450950409906353
8.05991265950668,0.449420708957587
8.06775713328951,0.447896075642593
8.07560160707234,0.446376345129532
8.08344608085517,0.444861857923634
8.09142957410029,0.443326429564585
8.09941306734541,0.441795960855773
8.10739656059053,0.440270013146176
8.11538005383565,0.438749588936219
8.12198327982736,0.437496899021403
8.12858650581907,0.43624741384866
8.13518973181078,0.43500079765715
8.1417929578025,0.433757894648688
8.14733516320202,0.432718017527317
8.15287736860154,0.431680468478477
8.15841957400107,0.430645169803803
8.16396177940059,0.429612370084055
8.16981816631389,0.428523915950634
8.17567455322719,0.427438152355909
8.18153094014049,0.426355033877211
8.18738732705379,0.42527467266459
8.19460947808388,0.423946293136069
8.20183162911396,0.422621989371032
8.20905378014404,0.421301669519049
8.21627593117413,0.419985516467203
8.22448987699298,0.418494016413251
8.23270382281183,0.417007591537224
8.24091776863068,0.415525941308485
8.24913171444953,0.414049730568776
8.2550278298991,0.412993759940509
8.26092394534868,0.411940326094774
8.26682006079825,0.410889329983444
8.27271617624783,0.409841046633229
8.2786122916974,0.408795661455555
8.28450840714697,0.407752871222141
8.29040452259655,0.40671262694903
8.29630063804612,0.40567505084263
8.30345979339599,0.40441893834611
8.31061894874587,0.403166639401471
8.31777810409574,0.401918061953847
8.32493725944561,0.400673393323273
8.33304280251074,0.399269225886457
8.34114834557588,0.397869769766006
8.34925388864101,0.396474744457611
8.35735943170615,0.395084771620026
8.36473608501931,0.393824827396306
8.37211273833247,0.392568506619259
8.37948939164563,0.391315357332803
8.3868660449588,0.390066448499891
8.39284075613612,0.389058601760612
8.39881546731344,0.388053093699677
8.40479017849076,0.387049752094321
8.41076488966808,0.386049064028296
8.4163159585883,0.385121996674492
8.42186702750853,0.38419705513652
8.42741809642875,0.38327418998061
8.43296916534897,0.382353551608786
8.43944094422291,0.381283162975658
8.44591272309685,0.380215709903435
8.45238450197079,0.379151133620594
8.45885628084473,0.378089560535151
8.46670075431086,0.376807044959388
8.47454522777699,0.375528758424239
8.48238970124311,0.374254538942838
8.49023417470924,0.372984729855775
8.49821766755666,0.371697463537289
8.50620116040409,0.370414300068071
8.51418465325152,0.369134803755397
8.52216814609895,0.367859980047376
8.52877137211183,0.366809787821083
8.53537459812471,0.36576222189797
8.54197782413759,0.364716948169602
8.54858105015047,0.363674812485179
8.55412325586373,0.362803000173113
8.55966546157699,0.361933112900801
8.56520766729025,0.361065073936363
8.57074987300351,0.360199132824767
8.57660626017932,0.359286561552086
8.58246264735513,0.358376235156973
8.58831903453094,0.357468109345983
8.59417542170675,0.356562297395583
8.60139757269309,0.355448564798367
8.60861972367943,0.354338237440494
8.61584187466577,0.353231225566128
8.62306402565211,0.352127714150473
8.63127797110165,0.350877249934875
8.63949191655118,0.349631004720417
8.64770586200072,0.348388681017686
8.65591980745025,0.347150946698771
8.66181592304214,0.346265636161347
8.66771203863403,0.345382427049264
8.67360815422592,0.344501221424987
8.67950426981781,0.343622295423018
8.68540038540969,0.342745835559747
8.69129650100158,0.341871539708981
8.69719261659347,0.340999359986072
8.70308873218536,0.340129419693961
8.71024788745964,0.33907627849378
8.71740704273392,0.338026322316206
8.7245661980082,0.336979461052691
8.73172535328248,0.335935883963601
8.73983089610032,0.334758639392643
8.74793643891815,0.333585310710685
8.75604198173599,0.332415620201629
8.76414752455383,0.331250192302601
8.77152417776766,0.330193916651503
8.77890083098148,0.329140614628689
8.78627748419531,0.328089836351443
8.79365413740914,0.327042652849205
8.79962884871783,0.326197721403887
8.80560356002653,0.325354707504049
8.81157827133523,0.324513440015549
8.81755298264392,0.323674407107924
8.82310405174737,0.322897158095839
8.82865512085082,0.322121675049337
8.83420618995427,0.321347909398963
8.83975725905772,0.320576012409017
8.84622903798165,0.319678584682717
8.85270081690557,0.318783608272138
8.8591725958295,0.317891025761506
8.86564437475342,0.317000964910824
8.8734888480682,0.315925696507828
8.88133332138298,0.314853954045453
8.88917779469776,0.313785577922138
8.89702226801254,0.312720913855713
8.90500576067183,0.311641713568498
8.91298925333112,0.310565897764637
8.9209727459904,0.309493033231677
8.92895623864969,0.308424127889258
8.93555946467396,0.307543715451585
8.94216269069824,0.306665444337524
8.94876591672252,0.305788981824032
8.9553691427468,0.304915175141604
8.96091134860945,0.304184273146513
8.9664535544721,0.303454958276953
8.97199576033475,0.302727154611382
8.9775379661974,0.302001112503179
8.983394353497,0.301236006417574
8.98925074079661,0.300472771554529
8.99510712809621,0.299711364567377
9.00096351539581,0.29895189967699
9.00818566636007,0.298018133130514
9.01540781732432,0.297087209637016
9.02262996828857,0.296159041196834
9.02985211925282,0.295233814535896
9.03806606452684,0.294185441546826
9.04628000980085,0.293140569716315
9.05449395507486,0.29209890410478
9.06270790034888,0.291061115125069
9.06860401600933,0.290318890844965
9.07450013166979,0.289578402974359
9.08039624733024,0.288839554506874
9.0862923629907,0.28810262250581
9.09218847865115,0.287367794413983
9.09808459431161,0.286634769029239
9.10398070997206,0.285903499388617
9.10987682563252,0.285174109714419
9.11703598087087,0.284291145379937
9.12419513610923,0.283410839091396
9.13135429134759,0.282533102372098
9.13851344658594,0.28165812610923
9.1466189892851,0.280671140062263
9.15472453198425,0.279687402995652
9.16283007468341,0.278706639531004
9.17093561738256,0.277729476434933
9.17831227054833,0.276843962264308
9.18568892371409,0.275960876895888
9.19306557687985,0.275079772185298
9.20044223004562,0.274201720894651
9.2064169414171,0.273493382248545
9.21239165278859,0.272786608058156
9.21836636416007,0.27208122810207
9.22434107553156,0.271377731460187
9.22989214472305,0.270726094396356
9.23544321391455,0.270075921589414
9.24099428310605,0.269427165194578
9.24654535229755,0.268779977199096
9.25301713124583,0.268027564790479
9.25948891019412,0.26727719769271
9.2659606891424,0.266528819626717
9.27243246809069,0.265782559486042
9.28027694133309,0.264881052958751
9.28812141457549,0.263982482873255
9.29596588781789,0.263086691627902
9.30381036106028,0.262194026933667
9.31179385362902,0.261289275073723
9.31977734619776,0.260387305398931
9.32776083876649,0.259487686776348
9.33574433133523,0.258591429197866
9.34234755736457,0.2578533649356
9.34895078339392,0.257117035376344
9.35555400942326,0.25638210895859
9.36215723545261,0.255649434070992
9.36769944138686,0.255036675280936
9.37324164732112,0.254425220299517
9.37878385325538,0.253814993884602
9.38432605918963,0.253206247067367
9.39018244654894,0.252564779972916
9.39603883390824,0.251924870818056
9.40189522126755,0.251286477049929
9.40775160862685,0.250649713681218
9.4149737595809,0.249866835757268
9.42219591053494,0.249086329533369
9.42941806148898,0.248308108482286
9.43664021244303,0.247532360797801
9.44485415763281,0.246653426792488
9.45306810282258,0.245777392086312
9.46128204801236,0.244903963877539
9.46949599320214,0.244033814709269
9.47539210889522,0.243411557997444
9.4812882245883,0.242790731655491
9.48718434028139,0.242171239457742
9.49308045597447,0.241553359246223
9.49897657166755,0.240937279240493
9.50487268736063,0.240322699013139
9.51076880305371,0.239709572373975
9.51666491874679,0.239098024316117
9.5238240739679,0.238357741073857
9.53098322918902,0.237619674045423
9.53814238441013,0.236883736122306
9.54530153963125,0.236150119555665
9.5534070822738,0.235322651624939
9.56151262491634,0.234497873519569
9.56961816755889,0.233675511821152
9.57772371020143,0.232856195249424
9.58510036334439,0.232113852327908
9.59247701648734,0.231373481411023
9.5998536696303,0.230634635811851
9.60723032277325,0.229898389745262
9.61320503417476,0.229304574367923
9.61917974557628,0.228712027405833
9.62515445697779,0.228120579402837
9.6311291683793,0.227530720202113
9.63668023761276,0.22698439975287
9.64223130684622,0.226439290599389
9.64778237607968,0.225895345504475
9.65333344531315,0.225352717061511
9.65980522427294,0.224721889596371
9.66627700323273,0.224092767036108
9.67274878219252,0.223465294054694
9.67922056115232,0.22283960049606
9.68706503436012,0.222083780832417
9.69490950756792,0.221330403358125
9.70275398077572,0.22057931214831
9.71059845398352,0.219830856585056
9.71858194650914,0.219072367211898
9.72656543903476,0.218316155040091
9.73454893156038,0.217561790680198
9.742532424086,0.21681028586157
9.74913565011788,0.216191570334043
9.75573887614977,0.215574248587306
9.76234210218165,0.214957990033711
9.76894532821353,0.214343644032962
9.77448753418197,0.213829939850622
9.78002974015041,0.213317301935999
9.78557194611885,0.212805655616603
9.79111415208728,0.212295252491889
9.79697053947498,0.211757447826729
9.80282692686267,0.211220938435844
9.80868331425037,0.210685682431928
9.81453970163806,0.210151795491539
9.82176185258712,0.209495426853518
9.82898400353617,0.208841034719936
9.83620615448523,0.208188533798084
9.84342830543429,0.207538113512426
9.85164225058389,0.206801241935562
9.85985619573349,0.206066765041919
9.86807014088309,0.205334391822193
9.87628408603269,0.204604796605554
9.88218020174142,0.204083124096448
9.88807631745015,0.203562625364927
9.89397243315887,0.203043204839895
9.8998685488676,0.202525141016284
9.90576466457632,0.202008622764893
9.91166078028505,0.201493350307878
9.91755689599378,0.200979278102967
9.9234530117025,0.200466531789549
9.9306121669154,0.199845876407403
9.93777132212829,0.199227066794552
9.94493047734118,0.198610016989622
9.95208963255407,0.197994920387358
9.96019517516951,0.197301196951283
9.96830071778495,0.196609694529225
9.97640626040039,0.195920141346094
9.98451180301583,0.195233167759182
9.99188845614783,0.194610863658935
9.99926510927983,0.193990148571321
10.0066417624118,0.193370577031391
10.0140184155438,0.192753224472063
10.0199931269597,0.192255428642577
10.0259678383756,0.191758653019632
10.0319425497914,0.191262728788686
10.0379172612073,0.190768146432873
10.0434683304609,0.190310126413012
10.0490193997144,0.189853105599142
10.054570468968,0.189397037263485
10.0601215382215,0.188942074507627
10.0665933171869,0.188413187296875
10.0730650961522,0.187885719585008
10.0795368751176,0.187359616845059
10.0860086540829,0.186835009717788
10.0938531272741,0.186201338037077
10.1016976004654,0.185569694150509
10.1095420736567,0.18493992353907
10.1173865468479,0.184312376985947
10.1253700393529,0.183676518214011
10.1333535318578,0.183042513250745
10.1413370243628,0.182409934168512
10.1493205168677,0.181779794153412
10.1559237429008,0.181261143979178
10.1625269689339,0.180743601746904
10.1691301949669,0.180226837685448
10.175733421,0.179711701968679
10.1812756269848,0.179281047971574
10.1868178329696,0.178851261081157
10.1923600389544,0.178422267102539
10.1979022449392,0.177994318111635
10.2037586323405,0.177543426959222
10.2096150197418,0.177093610855048
10.2154714071431,0.176644828469829
10.2213277945444,0.176197196036731
10.2285499454911,0.175646896360078
10.2357720964378,0.175098241844693
10.2429942473845,0.174551148232928
10.2502163983312,0.174005805981087
10.2584303434616,0.173388043558078
10.266644288592,0.172772252734057
10.2748582337223,0.172158144002541
10.2830721788527,0.171546393190193
10.2889682945689,0.171109053320938
10.2948644102851,0.170672672095037
10.3007605260013,0.170237154490207
10.3066566417175,0.169802779548791
10.3125527574337,0.169369736687608
10.3184488731498,0.16893772667343
10.324344988866,0.168506704507219
10.3302411045822,0.168076796370212
10.3374002597912,0.167556440367353
10.3445594150001,0.167037619542629
10.3517185702091,0.166520248896448
10.358877725418,0.166004522782375
10.3669832680205,0.165422934510095
10.375088810623,0.164843174187163
10.3831943532255,0.164264971416286
10.391299895828,0.163688957927733
10.3986765489548,0.163167297768122
10.4060532020816,0.162646905509827
10.4134298552083,0.16212733671243
10.4208065083351,0.1616096678301
10.4267812197578,0.161192377504682
10.4327559311806,0.160775899280602
10.4387306426033,0.160360064881265
10.444705354026,0.159945365326364
10.4502564232892,0.159561378883697
10.4558074925524,0.159178213824955
10.4613585618155,0.158795823849473
10.4669096310787,0.158414362484928
10.4733814100467,0.157970944865512
10.4798531890146,0.157528707452529
10.4863249679826,0.157087596388964
10.4927967469506,0.156647742983664
10.5006412201339,0.156116483624085
10.5084856933173,0.155586904617997
10.5163301665006,0.1550588526251
10.524174639684,0.154532679603303
10.5321581321791,0.153999637793145
10.5401416246742,0.153468094807266
10.5481251171692,0.152937623943647
10.5561086096643,0.152409239609768
10.562711835698,0.151974487056594
10.5693150617316,0.151540602790021
10.5759182877652,0.151107257723489
10.5825215137989,0.150675302713489
10.5880637197915,0.150314280340237
10.5936059257841,0.149953958091431
10.5991481317767,0.149594262172618
10.6046903377693,0.149235445059192
10.6105467251771,0.148857424653489
10.6164031125849,0.14848029465229
10.6222594999928,0.148104014194168
10.6281158874006,0.147728699978968
10.6353380383461,0.147267331517922
10.6425601892917,0.146807330410661
10.6497823402373,0.146348613267366
10.6570044911829,0.145891371409462
10.665218436304,0.145373473467321
10.6734323814252,0.144857192398391
10.6816463265464,0.144342239956198
10.6898602716675,0.143829293222948
10.6957563873873,0.143462660223314
10.7016525031071,0.143096805492414
10.7075486188268,0.142731634468099
10.7134447345466,0.142367426651684
10.7193408502664,0.14200437191778
10.7252369659861,0.141642171489787
10.7311330817059,0.141280780824124
10.7370291974257,0.140920326556332
10.7441883526327,0.1404840643883
10.7513475078398,0.140049076989992
10.7585066630469,0.139615280168208
10.765665818254,0.139182869080411
10.7737713608503,0.138695298098897
10.7818769034466,0.138209225510205
10.7899824460429,0.137724382072224
10.7980879886392,0.137241400666367
10.8054646417634,0.136804123231519
10.8128412948877,0.136367844469183
10.820217948012,0.13593212079793
10.8275946011363,0.135498029528185
10.8335693125623,0.135148237293517
10.8395440239883,0.1347990826789
10.8455187354143,0.134450397858769
10.8514934468403,0.134102674302684
10.8570445161081,0.133780759704423
10.8625955853758,0.133459517399041
10.8681466546436,0.133138901443973
10.8736977239113,0.132819065724141
10.8801695028806,0.132447308226386
10.8866412818498,0.132076530305505
10.8931130608191,0.131706678666195
10.8995848397883,0.13133788517744
10.9074293129679,0.130892491202714
10.9152737861474,0.130448486277417
10.923118259327,0.130005718049515
10.9309627325065,0.129564539461839
10.9389462249969,0.12911770229862
10.9469297174873,0.128672066330737
10.9549132099777,0.128227205883757
10.962896702468,0.127784136389205
10.9694999285019,0.127419725973296
10.9761031545358,0.12705598291016
10.9827063805697,0.126692578687208
10.9893096066036,0.126330364733263
10.9948518126,0.126027723482206
11.0003940185963,0.125725642352962
11.0059362245927,0.125424047886814
11.0114784305891,0.125123192894089
11.017334818,0.124806269382695
11.0231912054109,0.124490081465277
11.0290475928218,0.124174588672673
11.0349039802327,0.123859908096004
11.0421261311778,0.123473102080112
11.0493482821228,0.123087430496362
11.0565704330678,0.122702810682541
11.0637925840129,0.122319434685419
11.0720065291296,0.121885265946803
11.0802204742464,0.121452416669282
11.0884344193632,0.121020599662808
11.09664836448,0.120590493062269
11.1025444802015,0.120283142701107
11.1084405959229,0.119976419377494
11.1143367116444,0.119670228915078
11.1202328273659,0.119364851199982
11.1261289430873,0.119060476490649
11.1320250588088,0.118756806393323
11.1379211745303,0.118453796746295
11.1438172902518,0.118151574566007
11.1509764454579,0.117785819046311
11.1581356006641,0.117421119962567
11.1652947558703,0.117057393797676
11.1724539110765,0.11669483638311
11.1805594536698,0.11628609215577
11.1886649962631,0.115878570011744
11.1967705388565,0.11547200167746
11.2048760814498,0.115067020999484
11.2122527345729,0.114700492426447
11.219629387696,0.114334736796879
11.2270060408191,0.113969311249556
11.2343826939421,0.113605293812811
11.2403574053697,0.11331209388568
11.2463321167973,0.113019385288557
11.2523068282249,0.112727000574032
11.2582815396524,0.112435431588845
11.2638326089224,0.112165559779834
11.2693836781924,0.111896235261551
11.2749347474623,0.111627412391676
11.2804858167323,0.111359245354655
11.2869575957021,0.111047569728736
11.2934293746719,0.110736705466199
11.2999011536418,0.110426599742692
11.3063729326116,0.110117384896838
11.3142174057894,0.109743982888011
11.3220618789671,0.109371725691055
11.3299063521449,0.109000461782522
11.3377508253227,0.108630544931033
11.3457343178108,0.108255984180611
11.3537178102989,0.107882375085005
11.361701302787,0.107509292831339
11.3696847952751,0.107137753709729
11.3762880213091,0.106832320130251
11.3828912473432,0.106527385434942
11.3894944733772,0.106222621592448
11.3960976994113,0.105918880511453
11.4016399054094,0.105665187643772
11.4071821114075,0.105411937515737
11.4127243174057,0.105159056950123
11.4182665234038,0.104906799038075
11.4241229108162,0.104641100890149
11.4299792982286,0.104376008538673
11.435835685641,0.104111481843376
11.4416920730534,0.103847638223431
11.4489142239982,0.103523347469379
11.456136374943,0.103199995859378
11.4633585258878,0.102877501341264
11.4705806768325,0.102556056569953
11.4787946219472,0.102192088762413
11.4870085670619,0.101829191057244
11.4952225121766,0.101467077150132
11.5034364572912,0.101106426058569
11.5093325730135,0.100848779937444
11.5152286887358,0.10059163405737
11.5211248044581,0.100334894565453
11.5270209201804,0.100078841670452
11.5329170359027,0.0998236659526253
11.538813151625,0.0995690693392047
11.5447092673473,0.0993150079886548
11.5506053830696,0.0990616092367724
11.5577645382753,0.0987549684841984
11.564923693481,0.0984492011103718
11.5720828486868,0.0981442241650519
11.5792420038925,0.0978402340448234
11.5873475464845,0.0974975803964834
11.5954530890764,0.0971559171657568
11.6035586316683,0.0968149768911213
11.6116641742602,0.0964753942283524
11.6190408273827,0.0961681835010556
11.6264174805052,0.0958615564596186
11.6337941336278,0.0955550708466558
11.6411707867503,0.095249805292413
11.6471454981786,0.0950040539558048
11.6531202096069,0.0947586712954946
11.6590949210352,0.094513490181131
11.6650696324636,0.0942690027756919
11.6706207017346,0.0940427651124747
11.6761717710056,0.0938169699346486
11.6817228402766,0.0935915718516271
11.6872739095476,0.093366725298985
11.6937456885177,0.0931054240129139
11.7002174674878,0.0928447930552776
11.706689246458,0.092584779996583
11.7131610254281,0.0923255175692107
11.721005498605,0.0920124756597172
11.7288499717819,0.0917003737864205
11.7366944449588,0.0913890611205869
11.7445389181357,0.0910788921231985
11.7525224106227,0.090764929960419
11.7605059031097,0.090451710230629
11.7684893955968,0.0901388088433078
11.7764728880838,0.0898272428084371
11.7830761141179,0.0895712570758708
11.789679340152,0.0893156289786346
11.7962825661861,0.0890600308888546
11.8028857922202,0.0888053151175422
11.8084279982192,0.0885926619582794
11.8139702042182,0.0883803531221349
11.8195124102172,0.0881683156678947
11.8250546162162,0.0879568029221497
11.8309110036293,0.0877340535671088
11.8367673910424,0.0875118011826054
11.8426237784555,0.0872900059041143
11.8484801658687,0.0870687854258614
11.8557023168133,0.0867969092346043
11.862924467758,0.0865258084523408
11.8701466187026,0.0862554015383887
11.8773687696473,0.0859858816575543
11.8855827147609,0.0856807722951172
11.8937966598746,0.085376523965646
11.9020106049883,0.0850728511074564
11.9102245501019,0.0847704334780346
11.9161206658246,0.0845544607968915
11.9220167815473,0.0843388820470302
11.92791289727,0.0841236036467537
11.9338090129927,0.08390890607533
11.9397051287153,0.0836949801828333
11.945601244438,0.0834815281656226
11.9514973601607,0.0832685064506034
11.9573934758834,0.0830560426413304
11.9645526310889,0.0827989653806449
11.9717117862945,0.0825426080183703
11.9788709415,0.0822868880795385
11.9860300967055,0.0820320024345383
11.9941356392968,0.0817447609959431
12.002241181888,0.0814583157398885
12.0103467244793,0.0811723998856976
12.0184522670705,0.0808876487676115
12.0258289201928,0.0806301717990549
12.033205573315,0.0803731198374279
12.0405822264372,0.0801160511316198
12.0479588795595,0.0798600448165392
12.0539335909882,0.079654075719591
12.0599083024168,0.0794483724626038
12.0658830138455,0.0792427681810555
12.0718577252742,0.0790377553030678
12.0774087945457,0.0788481017412246
12.0829598638172,0.0786588027930156
12.0885109330887,0.0784698132789138
12.0940620023602,0.0782812878450481
12.1005337813305,0.0780622218295693
12.1070055603008,0.0778437078948381
12.113477339271,0.077625693942423
12.1199491182413,0.0774083130348419
12.1277935914178,0.0771458787389578
12.1356380645943,0.0768842127895566
12.1434825377707,0.0766231649403719
12.1513270109472,0.0763630902328822
12.1593105034337,0.0760999356390478
12.1672939959203,0.0758373480607093
12.1752774884068,0.0755749040129885
12.1832609808933,0.0753136211094232
12.1898642069274,0.0750990938495754
12.1964674329616,0.0748848057980377
12.2030706589957,0.0746704296652248
12.2096738850298,0.0744568180994727
12.2152160910292,0.0742785737919386
12.2207582970286,0.0741005912923243
12.226300503028,0.0739227978572934
12.2318427090274,0.0737454470108413
12.2376990964409,0.0735587071379125
12.2435554838543,0.0733723729927985
12.2494118712678,0.0731864049421693
12.2552682586813,0.0730009209108615
12.2624904096258,0.0727729905707807
12.2697125605704,0.0725456983595934
12.276934711515,0.0723189631654585
12.2841568624596,0.0720929785806866
12.2923708075728,0.071837217802499
12.300584752686,0.0715821427675788
12.3087986977992,0.0713274685368814
12.3170126429124,0.071073875488327
12.3229087586352,0.0708928429973604
12.3288048743581,0.0707121153045596
12.334700990081,0.0705315990556073
12.3405971058038,0.0703515749565728
12.3464932215267,0.0701722340837528
12.3523893372496,0.0699932788591495
12.3582854529725,0.0698146659347372
12.3641815686953,0.0696365231385663
12.3713407239008,0.0694210013106101
12.3784998791062,0.069206070698812
12.3856590343116,0.0689916492266856
12.3928181895171,0.0687779341618708
12.400923732108,0.0685371518863861
12.4090292746989,0.0682970029412661
12.4171348172898,0.068057221116674
12.4252403598808,0.0678184423156955
12.4326170130029,0.067602663536409
12.439993666125,0.0673871767231514
12.4473703192471,0.0671715405492869
12.4547469723692,0.0669568345728478
12.460721683798,0.0667842200302618
12.4666963952269,0.0666117851067445
12.4726711066558,0.066439363160653
12.4786458180846,0.0662674468424127
12.4841968873564,0.0661084664253856
12.4897479566281,0.0659497669478275
12.4952990258999,0.0657913034071699
12.5008500951716,0.065633230626076
12.5073218741419,0.065449575855434
12.5137936531123,0.0652663740233359
12.5202654320826,0.0650835733089216
12.5267372110529,0.0649013070515053
12.5345816842292,0.0646813036095143
12.5424261574055,0.0644619245644967
12.5502706305818,0.0642430201585427
12.5581151037581,0.0640249459198359
12.5660985962443,0.063804389828099
12.5740820887306,0.0635842536768725
12.5820655812169,0.0633641144890656
12.5900490737031,0.0631449903842553
12.5966522997373,0.0629652230799452
12.6032555257714,0.0627855956913838
12.6098587518056,0.0626057812126166
12.6164619778397,0.0624266325748017
12.6220041838393,0.0622772376212856
12.6275463898389,0.0621280352926141
12.6330885958385,0.0619789530113573
12.6386308018381,0.0618302444670196
12.6444871892517,0.0616736959618697
12.6503435766654,0.0615174766840565
12.656199964079,0.0613615471940906
12.6620563514926,0.0612060256101591
12.6692785024372,0.0610149407140302
12.6765006533817,0.060824378847278
12.6837228043263,0.0606342592576137
12.6909449552708,0.0604447758957802
12.6991589003838,0.0602303903656776
12.7073728454968,0.060016543611004
12.7155867906097,0.0598029512147533
12.7238007357227,0.0595902940750353
12.7296968514456,0.0594385564272576
12.7355929671686,0.0592870488459213
12.7414890828916,0.0591356781673509
12.7473851986145,0.0589847252877723
12.7532813143375,0.0588343814731535
12.7591774300604,0.0586843493346823
12.7650735457834,0.0585345857130372
12.7709696615063,0.0583852186244919
12.7781288167117,0.0582045380460849
12.7852879719171,0.0580243407929976
12.7924471271225,0.0578445451228419
12.7996062823279,0.0576653486363241
12.8077118249187,0.0574635190365622
12.8158173675094,0.0572621862272972
12.8239229101002,0.0570610844773005
12.832028452691,0.0568608501665933
12.839405105813,0.0566800323279753
12.8467817589351,0.0564993949101339
12.8541584120571,0.0563184969423251
12.8615350651791,0.0561384183373403
12.8675097766081,0.055993769196051
12.873484488037,0.0558492273837967
12.879459199466,0.0557046264458027
12.8854339108949,0.0555604592188805
12.8909849801668,0.0554271960335856
12.8965360494386,0.0552941520172567
12.9020871187105,0.0551612823156925
12.9076381879823,0.0550287418995676
12.9141099669527,0.0548747769176557
12.9205817459231,0.0547211817506613
12.9270535248934,0.0545679048104482
12.9335253038638,0.0544150796684045
12.94136977704,0.0542306514538127
12.9492142502162,0.0540467269448561
12.9570587233924,0.0538631567930772
12.9649031965686,0.0536802969347265
12.9728866890547,0.0534954566313821
12.9808701815409,0.0533109129567224
12.988853674027,0.0531262433594001
12.9968371665132,0.0529424663832697
13.0034403925473,0.052791842808329
13.0100436185815,0.0526412758994466
13.0166468446156,0.0524904388884717
13.0232500706498,0.052340184943689
13.0287922766495,0.0522149781041415
13.0343344826492,0.0520899058843924
13.0398766886488,0.0519648958461125
13.0454188946485,0.0518402018175739
13.0512752820622,0.0517089666086671
13.0571316694759,0.0515779964869335
13.0629880568896,0.0514472521754051
13.0688444443033,0.0513168519543795
13.0760665952479,0.0511566593200613
13.0832887461924,0.0509968932124312
13.090510897137,0.050837473180659
13.0977330480815,0.0506785934760075
13.1059469931944,0.050498898123553
13.1141609383072,0.050319618324537
13.1223748834201,0.0501404700996453
13.1305888285329,0.0499621347831294
13.1364849442559,0.049834958760033
13.1423810599789,0.0497079501461876
13.1482771757019,0.0495810159377573
13.1541732914249,0.0494544371904004
13.1600694071479,0.0493284053291108
13.1659655228709,0.0492026231236952
13.1718616385939,0.0490770475730465
13.1777577543169,0.0489518068512505
13.1849169095223,0.0488003381614093
13.1920760647277,0.0486492623381587
13.199235219933,0.0484984979192283
13.2063943751384,0.0483482427845765
13.2144999177291,0.0481790722093107
13.2226054603198,0.0480102839456565
13.2307110029105,0.0478416126636643
13.2388165455012,0.0476736951432314
13.2461931986232,0.0475221895455969
13.2535698517452,0.0473707708460462
13.2609465048672,0.047218998372225
13.2683231579892,0.0470679523343649
13.2742978694182,0.0469467501760915
13.2802725808472,0.0468255947368454
13.2862472922762,0.0467043197185273
13.2922220037051,0.0465834181142201
13.2977730729771,0.0464717169830241
13.303324142249,0.0463601832306583
13.3088752115209,0.0462487721273166
13.3144262807928,0.0461376387677701
13.3208980597632,0.0460085665440453
13.3273698387336,0.0458797944420396
13.333841617704,0.0457512710687393
13.3403133966743,0.0456231301901098
13.3481578698505,0.0454685292518616
13.3560023430266,0.045314330828219
13.3638468162028,0.0451603859140205
13.3716912893789,0.0450070507876516
13.379674781865,0.044852155610961
13.3876582743511,0.0446974536748345
13.3956417668372,0.0445425227848801
13.4036252593233,0.0443883818406786
13.4102284853574,0.0442621931923197
13.4168317113916,0.0441359914111251
13.4234349374257,0.0440094499283258
13.4300381634599,0.0438834221110197
13.4355803694596,0.0437784952700103
13.4411225754594,0.043673654415729
13.4466647814591,0.0435688272264723
13.4522069874588,0.0434642676468591
13.4580633748726,0.0433542558211175
13.4639197622863,0.0432444553056228
13.4697761497,0.0431348269596696
13.4756325371138,0.0430254891994735
13.4828546880583,0.0428911975107657
13.4900768390029,0.0427572514381637
13.4972989899474,0.0426235707835891
13.504521140892,0.0424903500502686
13.5127350860047,0.0423397399234265
13.5209490311175,0.0421894420372226
13.5291629762303,0.0420391727793161
13.5373769213431,0.0418896138496319
13.5432730370662,0.0417830309870133
13.5491691527892,0.0416765630000863
13.5550652685122,0.0415701170190285
13.5609613842352,0.0414639742331712
13.5668574999582,0.0413583262008399
13.5727536156813,0.0412528758248318
13.5786497314043,0.0411475802366916
13.5845458471273,0.0410425677428187
13.5917050023327,0.0409155911261559
13.598864157538,0.0407889315329283
13.6060233127434,0.0406625077357235
13.6131824679487,0.0405365178486332
13.6212880105394,0.0403947295227579
13.6293935531301,0.0402532275261607
13.6374990957207,0.0401117468653354
13.6456046383114,0.0399709246554467
13.6529812914334,0.0398439952692946
13.6603579445554,0.0397170743691568
13.6677345976774,0.0395897215328573
13.6751112507994,0.03946301722001
13.6810859622284,0.0393614736751319
13.6870606736574,0.0392599260321373
13.6930353850864,0.0391582081242878
13.6990100965154,0.0390568130756888
13.7045611657873,0.0389631901801984
13.7101122350592,0.0388696912412241
13.7156633043312,0.0387762716332563
13.7212143736031,0.0386830865551125
13.7276861525735,0.0385748851235575
13.7341579315439,0.038466925380974
13.7406297105143,0.0383591560979443
13.7471014894847,0.0382517112035729
13.7549459626608,0.0381221182970127
13.7627904358369,0.037992843063638
13.770634909013,0.0378637367861168
13.7784793821892,0.0377351560296901
13.7864628746752,0.0376053676937188
13.7944463671613,0.0374756859147886
13.8024298596474,0.0373456887977889
13.8104133521334,0.0372163955405516
13.8170165781676,0.0371106938254019
13.8236198042017,0.0370049204560506
13.8302230302359,0.0368987490308959
13.8368262562701,0.0367930330837265
13.8423684622698,0.0367051095667972
13.8479106682696,0.0366172312612549
13.8534528742693,0.0365293259431787
13.8589950802691,0.0364416476547357
13.8648514676828,0.0363494301134145
13.8707078550966,0.0362573787942449
13.8765642425103,0.036165454670768
13.8824206299241,0.0360737762731568
13.8896427808686,0.0359612006694552
13.8968649318132,0.03584890284414
13.9040870827577,0.0357368028110469
13.9113092337023,0.0356250952846562
13.919523178815,0.0354988710331915
13.9277371239278,0.0353728724019926
13.9359510690406,0.0352468160863996
13.9441650141534,0.0351213840929284
13.9500611298764,0.0350320671182129
13.9559572455994,0.0349428209735674
13.9618533613224,0.0348535529015307
13.9677494770455,0.0347645442035091
13.9736455927685,0.0346759865496172
13.9795417084915,0.0345875829541551
13.9854378242146,0.0344992906598863
13.9913339399376,0.0344112380841462
13.9984930951429,0.0343047963140146
14.0056522503483,0.0341986079782723
14.0128114055537,0.0340925920464193
14.019970560759,0.0339869468288506
14.0280761033496,0.0338681165549463
14.0361816459403,0.0337494921360182
14.0442871885309,0.0336308088606438
14.0523927311216,0.0335127041250856
14.0597693842436,0.0334063801293973
14.0671460373656,0.0332999988768273
14.0745226904875,0.0331931201549567
14.0818993436095,0.033086824632488
14.0878740550385,0.0330017634248198
14.0938487664675,0.032916655512505
14.0998234778966,0.0328313348389422
14.1057981893256,0.0327462946380895
14.1113492585975,0.0326678290464774
14.1169003278695,0.0325894510048859
14.1224513971414,0.0325111159752502
14.1280024664134,0.0324329792436236
14.1344742453838,0.0323422764742304
14.1409460243542,0.0322517664021413
14.1474178033246,0.0321613979351021
14.153889582295,0.0320713051389977
14.1617340554711,0.0319626796731688
14.1695785286472,0.0318543007470804
14.1774230018233,0.0317460198847249
14.1852674749994,0.0316381938918509
14.1932509674854,0.0315294558408961
14.2012344599715,0.0314207516690662
14.2092179524576,0.0313116597321766
14.2172014449436,0.0312031994781211
14.2238046709778,0.0311146745869292
14.2304078970119,0.0310260289755682
14.2370111230461,0.0309369363825939
14.2436143490802,0.0308482504815534
14.24915655508,0.0307745830322083
14.2546987610798,0.0307009266070517
14.2602409670795,0.0306272090641461
14.2657831730793,0.0305536845274459
14.2716395604931,0.0304763862172183
14.2774959479068,0.0303992163260086
14.2833523353206,0.0303221359231453
14.2892087227344,0.0302452636343467
14.2964308736789,0.0301508954102169
14.3036530246234,0.0300567480874118
14.310875175568,0.0299627418574419
14.3180973265125,0.0298690716119087
14.3263112716253,0.0297632931677363
14.334525216738,0.029657667718861
14.3427391618508,0.0295519122185909
14.3509531069635,0.0294467089304967
14.3568492226866,0.0293718681642971
14.3627453384096,0.0292970612990732
14.3686414541327,0.0292221956715707
14.3745375698557,0.0291475526771626
14.3804336855787,0.0290733240796907
14.3863298013018,0.0289992129869422
14.3922259170248,0.0289251767349298
14.3981220327478,0.0288513438340006
14.4052811879532,0.0287621190597102
14.4124403431585,0.0286730944049558
14.4195994983639,0.0285841890043334
14.4267586535692,0.0284956013328251
14.4348641961599,0.0283960197387055
14.4429697387505,0.0282965765276325
14.4510752813411,0.0281970072246905
14.4591808239318,0.0280979494618224
14.4665574770538,0.0280089016080027
14.4739341301757,0.027919741376599
14.4813107832977,0.0278300287310582
14.4886874364197,0.0277408445153891
14.4915155773148,0.0277070324274339
14.4943437182099,0.0276732158730456
14.4971718591049,0.0276394051935118
14.5,0.0276056139323694
