0,0
0.0006883128532291,0.361005461955934
0.0013766257064582,0.697374243501475
0.0020649385596873,1.01077441966335
0.0027532514129164,1.30277060629586
0.0034415642661455,1.57482127920851
0.0041298771193746,1.82827218530894
0.0048181899726037,2.06438267128355
0.0055065028258328,2.28433397523768
0.00621674751654318,2.49552005144124
0.00692699220725356,2.69178784348999
0.00763723689796394,2.8741782873043
0.00834748158867432,3.04366605642364
0.00914263249533053,3.21922372674106
0.00993778340198674,3.38090947593737
0.0107329343086429,3.52980145904177
0.0115280852152992,3.66690265589363
0.0123214214309009,3.79286151135991
0.0131147576465026,3.90883874610012
0.0139080938621043,4.01560848961842
0.014701430077706,4.11389099166923
0.0154948113767922,4.20435544409034
0.0162881926758785,4.28759992124883
0.0170815739749648,4.36418442401564
0.017874955274051,4.43462997520403
0.0186683354530104,4.49941700620604
0.0194617156319698,4.55898239269273
0.0202550958109292,4.61373116085242
0.0210484759898886,4.66404014562908
0.0218418561966774,4.71025688882425
0.0226352364034663,4.75269728971818
0.0234286166102552,4.79165428883897
0.024221996817044,4.82740043701654
0.0250153770231419,4.86018709726919
0.0258087572292397,4.89024274922434
0.0266021374353376,4.91777926592078
0.0273955176414355,4.94299377327493
0.0281888978475502,4.96606807285479
0.028982278053665,4.98716741546542
0.0297756582597798,5.00644504099819
0.0305690384658945,5.02404352329057
0.0313624186720091,5.04009435263938
0.0321557988781237,5.05471704878105
0.0329491790842383,5.06802244439736
0.0337425592903528,5.08011365780372
0.0345359394964669,5.09108579099619
0.035329319702581,5.1010252881027
0.036122699908695,5.11001231022247
0.0369160801148091,5.11812143893591
0.0377094603209232,5.12542145791308
0.0385028405270374,5.13197488890489
0.0392962207331515,5.1378397093776
0.0400896009392656,5.14306986133572
0.0408829811453805,5.14771509336748
0.0416763613514953,5.15182062504417
0.0424697415576101,5.15542838922238
0.0432631217637249,5.15857740005693
0.0440565019698394,5.16130363875817
0.0448498821759539,5.16363981086431
0.0456432623820684,5.16561624475312
0.0464366425881829,5.16726115781228
0.0472355425912135,5.16860888120067
0.0480344425942442,5.16967098520267
0.0488333425972749,5.17046984623317
0.0496322426003056,5.1710262746826
0.0504844750482417,5.17137419940831
0.0513367074961778,5.17148914836843
0.0521889399441139,5.17139055545601
0.05304117239205,5.17109642483537
0.0539493496097293,5.17058632306218
0.0548575268274086,5.16989084492987
0.0557657040450879,5.1690264455137
0.0566738812627672,5.16800831061102
0.057645826526217,5.16676406242666
0.0586177717896667,5.16537468092417
0.0595897170531165,5.16385394146891
0.0605616623165663,5.16221450431821
0.061606369407218,5.16033307109501
0.0626510764978697,5.15834027892439
0.0636957835885215,5.15624749220294
0.0647404906791732,5.15406510989415
0.0658689652618531,5.15161785450367
0.066997439844533,5.14908720031586
0.0681259144272129,5.14648236554524
0.0692543890098928,5.14381174734484
0.0704802104751866,5.14084492996744
0.0717060319404805,5.13781752239414
0.0729318534057743,5.13473685447166
0.0741576748710681,5.13160957334019
0.0754978427741984,5.12814415530339
0.0768380106773288,5.12463645789861
0.0781781785804591,5.12109217251912
0.0795183464835894,5.11751643933195
0.0809944857097084,5.11354688688588
0.0824706249358273,5.10954951621824
0.0839467641619463,5.10552862093116
0.0854229033880652,5.10148806699963
0.0870630334755874,5.09697962155997
0.0887031635631097,5.09245461606565
0.0903432936506319,5.08791617610326
0.0919834237381541,5.083367114169
0.093824630162403,5.07825064764426
0.095665836586652,5.07312633108768
0.097507043010901,5.06799633894617
0.0993482494351499,5.06286263667345
0.101440850911055,5.05702555797003
0.103533452386959,5.05118747415051
0.105626053862864,5.04534981000594
0.107718655338769,5.03951387340515
0.110132955758873,5.03278430345603
0.112547256178977,5.02605946216778
0.114961556599081,5.01934020764793
0.117375857019186,5.01262735934204
0.120213575442064,5.00474628226151
0.123051293864943,4.99687547535326
0.125889012287822,4.98901539049633
0.128726730710701,4.98116650344661
0.132141340558685,4.97173733729198
0.13555595040667,4.96232509185462
0.138970560254654,4.95292994520835
0.142385170102638,4.94355214431476
0.146620004251712,4.93194605376628
0.150854838400785,4.92036686452147
0.155089672549859,4.90881457620347
0.159324506698933,4.89728928389355
0.164785833220754,4.88246596703568
0.170247159742575,4.86768740417068
0.175708486264396,4.85295345428288
0.181169812786217,4.83826408382173
0.188536582093882,4.81852013434995
0.195903351401546,4.79885670294715
0.203270120709211,4.7792734238411
0.210636890016876,4.7597700750043
0.220531963602401,4.73369852717662
0.230427037187925,4.70776965724191
0.24032211077345,4.68198251801682
0.250217184358975,4.65633673184626
0.258290716974686,4.63551643385019
0.266364249590397,4.61478907401978
0.274437782206108,4.59415409009239
0.28251131482182,4.57361144466654
0.290584847437531,4.55316104373187
0.298658380053242,4.532801929788
0.306731912668953,4.51253355054395
0.314805445284665,4.49235586930817
0.323307574593314,4.47120499752917
0.331809703901963,4.45015351394692
0.340311833210612,4.42920074746908
0.348813962519261,4.40834673740806
0.357270752240214,4.38770192405482
0.365727541961167,4.36715353756143
0.37418433168212,4.34670086212875
0.382641121403073,4.32634410687464
0.390613332701938,4.30724175008859
0.398585544000802,4.28822348413339
0.406557755299667,4.26928870974124
0.414529966598531,4.25043764786824
0.42216504430788,4.23246233597298
0.429800122017229,4.21456285173379
0.437435199726578,4.19673872279851
0.445070277435927,4.17899003961052
0.452906452345173,4.1608523328188
0.460742627254419,4.14279319729284
0.468578802163665,4.12481216286047
0.476414977072912,4.10690922968647
0.48478409688433,4.08787490174196
0.493153216695748,4.06892862556862
0.501522336507166,4.05006982415305
0.509891456318585,4.03129851464542
0.518500483610895,4.01208040817013
0.527109510903205,3.99295368432648
0.535718538195515,3.97391765620506
0.544327565487825,3.95497251141206
0.552554673447443,3.93695288146306
0.56078178140706,3.91901507792948
0.569008889366677,3.9011584603647
0.577235997326295,3.88338333525904
0.584925471769319,3.86684363568743
0.592614946212343,3.8503741565787
0.600304420655366,3.83397441706501
0.60799389509839,3.81764460665185
0.615621690644264,3.80151494337225
0.623249486190138,3.785453269644
0.630877281736012,3.76945917240788
0.638505077281885,3.75353270585733
0.646629737632563,3.73664318018964
0.654754397983241,3.71982950442816
0.662879058333918,3.70309119840009
0.671003718684596,3.68642827694585
0.679636556482862,3.66880573228794
0.688269394281128,3.65126722967289
0.696902232079395,3.63381215131507
0.705535069877661,3.61644063083343
0.714042568139251,3.59940319706011
0.722550066400841,3.58244575170948
0.731057564662431,3.56556762803513
0.739565062924021,3.54876917149558
0.747447261651565,3.53327671327222
0.75532946037911,3.5178516259778
0.763211659106654,3.50249338587538
0.771093857834198,3.48720230084509
0.778609125630061,3.47268573717745
0.786124393425924,3.45822942079516
0.793639661221787,3.44383296324247
0.80115492901765,3.42949649376566
0.8089792266317,3.41463428695918
0.816803524245751,3.39983634861293
0.824627821859801,3.38510228123101
0.832452119473852,3.37043212088592
0.840943248949666,3.35458399402194
0.84943437842548,3.33881022159097
0.857925507901294,3.32311028163803
0.866416637377108,3.30748425487617
0.875142741337193,3.291502912825
0.883868845297277,3.27559853739362
0.892594949257362,3.25977047854016
0.901321053217446,3.24401905015689
0.909513179361277,3.22930148251384
0.917705305505107,3.21465039044355
0.925897431648937,3.20006518711624
0.934089557792767,3.18554629651835
0.941641898325717,3.17222028271103
0.949194238858666,3.15894979329887
0.956746579391616,3.14573442571746
0.964298919924566,3.13257441465506
0.971846522239676,3.11947807938998
0.979394124554787,3.10643634950333
0.986941726869898,3.09344888463424
0.994489329185009,3.08051576436411
1.00268879515647,3.06652726239616
1.01088826112793,3.05260214287611
1.01908772709938,3.03873998375112
1.02728719307084,3.02494083912407
1.03607801873992,3.01021653052323
1.04486884440899,2.99556368394528
1.05365967007807,2.98098171727226
1.06245049574714,2.96647085893748
1.07100322122109,2.952421500755
1.07955594669503,2.9384383762117
1.08810867216897,2.92452084891314
1.09666139764292,2.91066940672318
1.10442572222479,2.89815234670084
1.11219004680666,2.88568884222069
1.11995437138853,2.87327843458992
1.1277186959704,2.86092150055659
1.13509830181911,2.84922661598859
1.14247790766782,2.83757936590463
1.14985751351653,2.82597943390299
1.15723711936524,2.81442696938351
1.16506246925291,2.8022286379679
1.17288781914059,2.79008304957752
1.18071316902826,2.77798986672887
1.18853851891594,2.76594914856762
1.19718306164938,2.75270898562568
1.20582760438282,2.73953203618317
1.21447214711626,2.72641781933506
1.2231166898497,2.71336647400255
1.23197132843702,2.70006329052863
1.24082596702434,2.68682505136451
1.24968060561166,2.67365112392176
1.25853524419898,2.66054196014949
1.26666938049573,2.6485569106633
1.27480351679249,2.63662553019165
1.28293765308925,2.62474727286419
1.291071789386,2.61292267385889
1.2984627868763,2.60222521043822
1.30585378436659,2.59157132479718
1.31324478185689,2.58096068314889
1.32063577934718,2.57039354524855
1.32810340680905,2.55976117175864
1.33557103427091,2.54917264585594
1.34303866173277,2.53862768798367
1.35050628919463,2.52812639006176
1.3588067796874,2.51650517105757
1.36710727018017,2.50493724091908
1.37540776067294,2.49342222416818
1.38370825116571,2.48196020563726
1.39268244082568,2.46962762879539
1.40165663048565,2.45735610580878
1.41063082014561,2.44514507414678
1.41960500980558,2.43299486371825
1.42819227858011,2.42142578538434
1.43677954735465,2.40991137833962
1.44536681612918,2.39845101928531
1.45395408490371,2.38704534867211
1.46157313700348,2.37697185613649
1.46919218910324,2.36694059157941
1.47681124120301,2.35695115349541
1.48443029330277,2.34700396915344
1.48832271997708,2.34193857267605
1.49221514665138,2.33688407452428
1.49610757332569,2.33184045828705
1.5,2.32680771343962
1.5,2.32680771343962
1.50075407186073,2.57219673405005
1.50150814372145,2.79922714665636
1.50226221558218,3.0092554398568
1.50301628744291,3.20354743331713
1.50377035930364,3.3832752135058
1.50452443116436,3.54951029010812
1.50527850302509,3.7032496369327
1.50603257488582,3.84542358914415
1.50682693348377,3.9836322630962
1.50762129208172,4.11088095861574
1.50841565067967,4.22802072216254
1.50921000927763,4.3358433068731
1.51000336517612,4.43495869825
1.51079672107461,4.52616980402188
1.5115900769731,4.61008968083026
1.5123834328716,4.68728871546556
1.51317681368165,4.75829509243887
1.5139701944917,4.82358448811823
1.51476357530175,4.88360034819847
1.5155569561118,4.93875525297921
1.51635033630291,4.9894296713598
1.51714371649402,5.03596951381631
1.51793709668513,5.0786955074615
1.51873047687624,5.11790605566665
1.51952385708272,5.15387636494104
1.5203172372892,5.18685658631253
1.52111061749569,5.21707868984682
1.52190399770217,5.24475849966315
1.52269737790828,5.27009506194405
1.52349075811439,5.2932693022285
1.5242841383205,5.31444899584384
1.5250775185266,5.33379024034532
1.52587089873272,5.35143699842915
1.52666427893884,5.36752012677483
1.52745765914495,5.38216097100525
1.52825103935107,5.39547243063815
1.52904441955718,5.40755862849163
1.52983779976329,5.4185142082821
1.5306311799694,5.42842693472658
1.53142456017551,5.43737846378336
1.53221794038163,5.44544410354524
1.53301132058774,5.45269230621753
1.53380470079385,5.4591865486772
1.53459808099997,5.46498588955961
1.53539146120608,5.4701447963214
1.53618484141219,5.47471277780675
1.5369782216183,5.47873574438698
1.53777160182441,5.48225641088101
1.53856498203053,5.48531417147628
1.53935836223664,5.48794483397731
1.54015174244276,5.49018160354496
1.54094512264888,5.49205537411407
1.54173850285499,5.49359463792827
1.5425318830611,5.49482529333179
1.54332526326721,5.49577135627197
1.54411864347332,5.49645517107101
1.54495571367127,5.49691507070295
1.54579278386921,5.49712792173254
1.54662985406715,5.49711398106051
1.54746692426509,5.49689203558538
1.54835880987545,5.49644605453663
1.5492506954858,5.49580229425433
1.55014258109615,5.49497800890537
1.5510344667065,5.49398913930058
1.55198782720761,5.49276657024312
1.55294118770872,5.49138843396377
1.55389454820983,5.48986922455271
1.55484790871094,5.48822227850184
1.55587134802794,5.48632589184793
1.55689478734494,5.4843094606963
1.55791822666194,5.48218499372382
1.55894166597894,5.47996349300947
1.56004557953563,5.47746992935112
1.56114949309232,5.47488584990132
1.56225340664901,5.47222104408017
1.56335732020569,5.46948444062495
1.56455449819109,5.46644474797432
1.56575167617649,5.46333873733824
1.56694885416189,5.46017423871734
1.56814603214729,5.45695836153977
1.5694524192993,5.4533978972851
1.57075880645131,5.44979063943871
1.57206519360333,5.446142710812
1.57337158075534,5.44245964713226
1.57480736546175,5.43837702154611
1.57624315016816,5.43426310489453
1.57767893487456,5.4301225561762
1.57911471958097,5.42595957320964
1.58070591961023,5.421324154176
1.58229711963949,5.41666957441176
1.58388831966875,5.41199926207552
1.585479519698,5.407316301335
1.58726035668365,5.40206347002681
1.58904119366929,5.39680089235256
1.59082203065494,5.39153098629595
1.59260286764058,5.38625593300384
1.59461943600763,5.38027869992366
1.59663600437468,5.37429909925595
1.59865257274173,5.36831874481173
1.60066914110878,5.36233910915581
1.60298528687122,5.35547359788491
1.60530143263366,5.34861180382632
1.6076175783961,5.34175472501323
1.60993372415855,5.33490330052688
1.61264086980855,5.32690342117134
1.61534801545856,5.31891293295094
1.61805516110857,5.3109323851473
1.62076230675858,5.30296233519936
1.62399668420621,5.2934544337196
1.62723106165384,5.2839623934126
1.63046543910147,5.27448645538227
1.63369981654911,5.26502691893809
1.63767431237103,5.25342554621153
1.64164880819295,5.24184927314292
1.64562330401488,5.23029813885338
1.6495977998368,5.21877227233975
1.65466309732252,5.20411986630306
1.65972839480824,5.18950844334666
1.66479369229397,5.17493789597523
1.66985898977969,5.16040822149064
1.67660969823767,5.14110745440637
1.68336040669564,5.12187881659311
1.69011111515362,5.1027220100747
1.6968618236116,5.08363686082927
1.70607306473762,5.05771072274533
1.71528430586365,5.03191672228129
1.72449554698968,5.00625408576476
1.73370678811571,4.98072238462855
1.7444193083389,4.95119388302371
1.7551318285621,4.92184000109549
1.7658443487853,4.89265910445733
1.77655686900849,4.8636516206897
1.78301522832788,4.84624750428366
1.78947358764726,4.82890542738938
1.79593194696665,4.81162507866535
1.80239030628603,4.79440658050863
1.80884866560542,4.77724993292066
1.8153070249248,4.76015460891613
1.82176538424418,4.74312036256569
1.82822374356357,4.72614707707298
1.83689631603981,4.70345024576766
1.84556888851604,4.68086234379818
1.85424146099228,4.65838277215191
1.86291403346851,4.63601119727467
1.87345886167971,4.60895519860855
1.8840036898909,4.58205678571895
1.89454851810209,4.5553146157328
1.90509334631328,4.52872880065734
1.91194939605194,4.51152708973228
1.91880544579059,4.49439051045685
1.92566149552925,4.47731870827521
1.93251754526791,4.46031178322544
1.93937359500656,4.44336971968429
1.94622964474522,4.42649192815379
1.95308569448388,4.4096781225862
1.95994174422253,4.39292819530834
1.96865660269674,4.37172903336938
1.97737146117094,4.35063208510041
1.98608631964515,4.32963676064388
1.99480117811935,4.30874280678277
1.99610088358951,4.30563542995633
1.99740058905968,4.30253029234094
1.99870029452984,4.29942739253969
2,4.29632672913584
2,4.29632672913584
2.00075407186073,4.54089153770286
2.00150814372145,4.76709808316885
2.00226221558218,4.97630285398872
2.00301628744291,5.16977166968494
2.00377035930364,5.34867661658303
2.00452443116436,5.51408920422523
2.00527850302509,5.66700640627682
2.00603257488582,5.80835855775908
2.00682693348376,5.94570189773647
2.0076212920817,6.07208564074276
2.00841565067964,6.18836083307025
2.00921000927758,6.29531922768816
2.01000336517608,6.39357190005825
2.01079672107457,6.48392066665442
2.01159007697307,6.56697858395155
2.01238343287156,6.64331603857339
2.01317681368161,6.71346118782803
2.01397019449166,6.77788973497727
2.0147635753017,6.83704512554934
2.01555695611175,6.89133993967736
2.01635033630285,6.94115464676474
2.01714371649396,6.98683515645004
2.01793709668507,7.02870219567966
2.01873047687617,7.06705416765849
2.01952385708267,7.10216627871359
2.02031723728916,7.13428867972252
2.02111061749566,7.16365334058483
2.02190399770215,7.19047608525366
2.02269737790826,7.21495595974552
2.02349075811436,7.23727388943347
2.02428413832047,7.25759764947893
2.02507751852657,7.27608333727132
2.02587089873269,7.29287491534115
2.02666427893881,7.30810324020203
2.02745765914493,7.32188965731118
2.02825103935105,7.33434706602073
2.02904441955717,7.34557958898329
2.02983779976329,7.35568186974974
2.03063117996941,7.36474167287168
2.03142456017552,7.37284065414207
2.03221794038164,7.38005412148838
2.03301132058775,7.38645052695078
2.03380470079387,7.39209334724107
2.03459808099998,7.39704164082958
2.03539146120609,7.40134987500789
2.0361848414122,7.40506755845529
2.03697822161832,7.4082406013782
2.03777160182443,7.41091171843076
2.03856498203054,7.41312030363565
2.03935836223665,7.41490216463276
2.04015174244276,7.41629050641836
2.04094512264887,7.41731622276278
2.04173850285499,7.4180078057452
2.04253188306111,7.41839115354545
2.04332526326724,7.41849028194656
2.04411864347336,7.41832753510651
2.04495571367115,7.41789465859022
2.04579278386894,7.41721514819683
2.04662985406673,7.41630926063442
2.04746692426453,7.41519578260895
2.04835880987472,7.41380034285024
2.04925069548492,7.41220759378962
2.05014258109511,7.41043478936137
2.0510344667053,7.40849787014388
2.05198782720623,7.40626242423089
2.05294118770716,7.40387194696159
2.05389454820808,7.40134093214267
2.05484790870901,7.39868271598266
2.05587134802581,7.39570131907781
2.0568947873426,7.3926004938864
2.0579182266594,7.38939224873536
2.0589416659762,7.38608758535391
2.06004557953265,7.38242637828116
2.0611494930891,7.37867537068571
2.06225340664555,7.37484435154951
2.063357320202,7.37094224917197
2.06455449818712,7.36663939708172
2.06575167617224,7.36227106613672
2.06694885415736,7.3578450857802
2.06814603214248,7.35336856488321
2.06945241929417,7.34843341377795
2.07075880644585,7.34345246557629
2.07206519359754,7.33843184236724
2.07337158074923,7.3333770791563
2.07480736545525,7.32778803421063
2.07624315016126,7.3221688983044
2.07767893486728,7.31652432948022
2.0791147195733,7.3108585246013
2.08070591960209,7.30455901054976
2.08229711963087,7.29824180492447
2.08388831965966,7.29191033458695
2.08547951968844,7.28556768240904
2.08726035667351,7.27845909755586
2.08904119365857,7.27134259986178
2.09082203064364,7.26422060549896
2.0926028676287,7.25709529380447
2.09461943599502,7.24902508854661
2.09663600436135,7.24095485718098
2.09865257272767,7.23288621089913
2.10066914109399,7.22482061964929
2.10298528685549,7.21556214660143
2.105301432617,7.20631046530167
2.1076175783785,7.19706656983296
2.10993372414001,7.18783139533137
2.11264086978878,7.17704923507404
2.11534801543754,7.16628064371083
2.11805516108631,7.15552616425024
2.12076230673508,7.14478634786745
2.12399668418101,7.13197470469086
2.12723106162694,7.11918484871967
2.13046543907287,7.10641701042807
2.1336998165188,7.09367147851487
2.13767431233828,7.07804025081879
2.14164880815776,7.06244300352845
2.14562330397725,7.04687975619411
2.14959779979673,7.03135061828489
2.15466309727876,7.01160902543578
2.1597283947608,6.99192270460659
2.16479369224283,6.97229150818292
2.16985898972487,6.95271539345998
2.17660969817709,6.92671106785532
2.1833604066293,6.90080394406394
2.19011111508152,6.87499363033412
2.19686182353374,6.84927985921807
2.20607306465259,6.81434904084874
2.21528430577144,6.77959628346517
2.22449554689029,6.74502057918998
2.23370678800913,6.71062126644038
2.24441930823294,6.6708367454038
2.25513182845675,6.63128764871887
2.26584434868056,6.59197198151087
2.27655686890438,6.55288981299875
2.28301522822807,6.52944075756371
2.28947358755176,6.50607537345553
2.29593194687545,6.48279327192351
2.30239030619915,6.4595944982317
2.30884866552284,6.43647897552458
2.31530702484653,6.4134461002363
2.32176538417022,6.39049555013039
2.32822374349392,6.36762713237567
2.33689631597156,6.33704722578764
2.3455688884492,6.3066141063682
2.35424146092684,6.27632699329666
2.36291403340449,6.2461853720804
2.37345886161215,6.20973216151095
2.38400368981981,6.17349138022299
2.39454851802747,6.13746136527165
2.40509334623513,6.10164191045128
2.4119493959738,6.07846558880645
2.41880544571246,6.05537709299154
2.42566149545113,6.03237598224862
2.43251754518979,6.00946227074008
2.43937359492846,5.98663585729328
2.44622964466712,5.96389606718741
2.45308569440578,5.94124252947496
2.45994174414445,5.91867505190442
2.46865660261794,5.89011297380507
2.47737146109143,5.86168864117803
2.48608631956492,5.83340129269821
2.49480117803841,5.8052505045052
2.50490744428273,5.77277579814173
2.51501371052705,5.74048244523433
2.52511997677137,5.70836902385712
2.53522624301569,5.6764355087827
2.54217719095213,5.65457643862081
2.54912813888858,5.6328013345056
2.55607908682502,5.61110975689876
2.56303003476147,5.5895017480134
2.56998098269792,5.56797723140824
2.57693193063436,5.54653551519556
2.58388287857081,5.52517623178966
2.59083382650725,5.50389921634786
2.59946629360017,5.47758926969987
2.60809876069309,5.45140499736795
2.61673122778601,5.42534569788037
2.62536369487893,5.39941102206688
2.63527336688811,5.36979254918606
2.64518303889729,5.3403362574395
2.65509271090647,5.31104088152684
2.66500238291565,5.28190644276574
2.67206967515403,5.26122687327479
2.67913696739241,5.24062806165833
2.68620425963079,5.22010956879127
2.69327155186916,5.19967145245287
2.70033884410754,5.17931365285108
2.70740613634592,5.15903546398943
2.7144734285843,5.13883651794866
2.72154072082268,5.11871667471579
2.73013589141876,5.09435347916568
2.73873106201484,5.07010614275248
2.74732623261092,5.04597400646504
2.755921403207,5.02195678757941
2.76565118833593,4.99490758470274
2.77538097346486,4.96800379305396
2.78511075859379,4.94124427276951
2.79484054372272,4.91462910506477
2.80367882867122,4.89057792782549
2.81251711361972,4.86664392414896
2.82135539856821,4.84282592789121
2.83019368351671,4.81912481967139
2.83734246838893,4.80004027236829
2.84449125326115,4.78103095064523
2.85164003813336,4.7620963360315
2.85878882300558,4.74323678649826
2.86543642641769,4.72576691363829
2.8720840298298,4.70836125170774
2.87873163324191,4.69101950559263
2.88537923665402,4.67374164511495
2.89314415350903,4.65364053414927
2.90090907036404,4.63362579463519
2.90867398721905,4.61369698761436
2.91643890407406,4.59385392229257
2.92585699206675,4.56990103195419
2.93527508005945,4.54607287275552
2.94469316805215,4.52236859552903
2.95411125604484,4.49878803376363
2.96368507225118,4.47494442101275
2.97325888845753,4.4512267244456
2.98283270466387,4.42763370799835
2.99240652087022,4.40416608040263
3.00031151170835,4.38488411441772
3.00821650254649,4.36568607179906
3.01612149338462,4.34657114868496
3.02402648422276,4.3275401180782
3.03066020845568,4.31163470311882
3.0372939326886,4.295787528678
3.04392765692153,4.27999828535337
3.05056138115445,4.26426709609191
3.0575825973927,4.24768025806974
3.06460381363096,4.23115784965745
3.07162502986921,4.21469956885645
3.07864624610747,4.1983053238151
3.08731493693899,4.17815245538638
3.09598362777051,4.15809622781048
3.10465231860203,4.13813607108233
3.11332100943356,4.11827178510436
3.12317698368569,4.0958031911719
3.13303295793783,4.07345688560755
3.14288893218996,4.05123182030066
3.1527449064421,4.02912825041432
3.15980231033874,4.01337564253179
3.16685971423537,3.99768441410725
3.17391711813201,3.98205420175871
3.18097452202865,3.9664851415867
3.18803192592529,3.95097725070116
3.19508932982193,3.93552989697676
3.20214673371857,3.92014278770709
3.2092041376152,3.90481585743125
3.21778818534664,3.88625441048304
3.22637223307808,3.86778109489747
3.23495628080952,3.84939538511298
3.24354032854096,3.83109712812673
3.25327202142206,3.81045817800243
3.26300371430317,3.78993013541234
3.27273540718428,3.76951204856951
3.28246710006539,3.7492041777537
3.29131902887266,3.73082828515986
3.30017095767994,3.71254192933772
3.30902288648721,3.6943440764638
3.31787481529449,3.67623574590857
3.32503113909734,3.66166206092256
3.33218746290019,3.64714579541153
3.33934378670304,3.63268649867036
3.3465001105059,3.61828460489751
3.35314259682955,3.60496835739417
3.35978508315321,3.5917009838243
3.36642756947686,3.5784822455889
3.37307005580052,3.56531216978164
3.38082234690548,3.55000317058993
3.38857463801044,3.53475982582895
3.3963269291154,3.51958178655035
3.40407922022036,3.50446895022952
3.41349015041307,3.48621014628857
3.42290108060578,3.46804631279565
3.43231201079848,3.44997675801805
3.44172294099119,3.43200146567364
3.45130667316518,3.41379319555567
3.46089040533917,3.39568107473053
3.47047413751316,3.37766402576658
3.48005786968715,3.35974291036967
3.48797602499984,3.34500930645016
3.49589418031253,3.33033981664261
3.50381233562521,3.31573371930267
3.5117304909379,3.30119188221529
3.5183659693233,3.28905559952714
3.52500144770869,3.27696371393436
3.53163692609409,3.26491596595289
3.53827240447949,3.25291253216153
3.54528316141257,3.24027843876052
3.55229391834565,3.22769332638323
3.55930467527873,3.21515695358843
3.56631543221181,3.20266928857355
3.57497144427757,3.18731817740237
3.58362745634333,3.17204055046304
3.5922834684091,3.15683595040715
3.60093948047486,3.14170428599551
3.61079666725049,3.12456167429726
3.62065385402612,3.10751230653622
3.63051104080175,3.0905552959028
3.64036822757738,3.07369104810726
3.64743435127124,3.06165916302717
3.65450047496509,3.0496741688819
3.66156659865894,3.03773575843569
3.66863272235279,3.02584412393233
3.67569884604664,3.01399933873441
3.68276496974049,3.00220082556402
3.68983109343435,2.99044834677248
3.6968972171282,2.97874189332265
3.70548156348786,2.9645820627326
3.71406590984753,2.95048944212673
3.7226502562072,2.93646360477951
3.73123460256687,2.92250449814285
3.74095574138912,2.90677745839895
3.75067688021138,2.89113477264661
3.76039801903364,2.87557563318469
3.7701191578559,2.86010044177285
3.77896297204592,2.84609530058329
3.78780678623594,2.83215821336867
3.79665060042596,2.81828825635562
3.80549441461598,2.80448654352571
3.81265376145827,2.79336418792375
3.81981310830055,2.78228558964958
3.82697245514284,2.77125035291563
3.83413180198512,2.7602589628554
3.84078320882365,2.75008691912588
3.84743461566217,2.73995222783233
3.85408602250069,2.729854692176
3.86073742933922,2.71979438197685
3.86849554312141,2.70810720869359
3.8762536569036,2.69647017527304
3.88401177068579,2.68488299875732
3.89176988446798,2.67334564389728
3.90117689878762,2.65942295367403
3.91058391310727,2.64557261111591
3.91999092742692,2.63179404189757
3.92939794174656,2.61808734866375
3.93897111849403,2.60421266352553
3.94854429524149,2.59041105572439
3.95811747198896,2.57668157294379
3.96769064873642,2.5630251936643
3.97560528058604,2.55179064518013
3.98351991243566,2.5406048464024
3.99143454428528,2.52946714620713
3.9993491761349,2.51837847206943
4.00599011610984,2.50911256228984
4.01263105608479,2.49988052560047
4.01927199605973,2.49068214102125
4.02591293603467,2.48151762305983
4.03293182100782,2.47186846120272
4.03995070598097,2.46225673017011
4.04696959095412,2.45268223286628
4.05398847592727,2.44314498270735
4.06264745083545,2.43143047924242
4.07130642574363,2.41977204743046
4.07996540065181,2.40816931268397
4.08862437555999,2.39662226820643
4.09847417245147,2.38355505212811
4.10832396934295,2.37055878846778
4.11817376623442,2.35763271209153
4.1280235631259,2.34477735056314
4.1350897801453,2.33559874682332
4.14215599716471,2.32645586487171
4.14922221418412,2.31734844108039
4.15628843120353,2.30827671157596
4.16335464822294,2.29924079333058
4.17042086524234,2.29024015191353
4.17748708226175,2.28127459266037
4.18455329928116,2.27234414956984
4.19313612365837,2.26154421875332
4.20171894803559,2.25079551694328
4.2103017724128,2.24009769345426
4.21888459679002,2.22945077133782
4.22860419929564,2.21745528778947
4.23832380180126,2.20552406699838
4.24804340430688,2.19365640986139
4.2577630068125,2.18185282471454
4.26660736253834,2.17116841645391
4.27545171826419,2.16053580414537
4.28429607399003,2.14995414405632
4.29314042971588,2.13942462827261
4.30030136217269,2.13093812420894
4.30746229462951,2.12248493074202
4.31462322708633,2.11406469327369
4.32178415954315,2.10567793855677
4.32843636990035,2.0979172658524
4.33508858025756,2.09018506237374
4.34174079061476,2.08248116395834
4.34839300097197,2.0748056732656
4.35615032335848,2.06589100739508
4.363907645745,2.05701456362115
4.37166496813152,2.04817611019854
4.37942229051804,2.03937566294838
4.38882761906915,2.02875662089057
4.39823294762027,2.01819271113236
4.40763827617138,2.00768344921809
4.4170436047225,1.99722902665777
4.4266163768033,1.98664521402604
4.4361891488841,1.97611703584205
4.4457619209649,1.96564363283092
4.4553346930457,1.95522607402996
4.46325058807069,1.94665452820539
4.47116648309568,1.9381200646047
4.47908237812066,1.92962208317192
4.48699827314565,1.92116156225562
4.49364039951415,1.91409183949389
4.50028252588264,1.9070479135209
4.50692465225114,1.90002959291048
4.51356677861963,1.89303712209619
4.52058557441692,1.88567634605064
4.52760437021421,1.87834410206935
4.53462316601149,1.87104022762682
4.54164196180878,1.86376477071646
4.55029964504659,1.85482967173082
4.55895732828441,1.84593731104024
4.56761501152222,1.83708737805445
4.57627269476004,1.82827992956297
4.58612139364777,1.81831272189336
4.59597009253551,1.80839955798755
4.60581879142324,1.79853976530642
4.61566749031098,1.78873396225155
4.6227349634168,1.78173082950934
4.62980243652262,1.77475490728025
4.63686990962845,1.76780596517762
4.64393738273427,1.76088427254689
4.65100485584009,1.75398997947846
4.65807232894592,1.74712258425856
4.66513980205174,1.74028192492473
4.67220727515757,1.7334680683138
4.6807898782745,1.72522954110978
4.68937248139144,1.71703006788285
4.69795508450838,1.70886935573698
4.70653768762531,1.70074748552349
4.71625552342225,1.69159842677072
4.72597335921919,1.68249830631349
4.73569119501613,1.67344650770174
4.74540903081307,1.66444362097248
4.75425232620078,1.65629410033361
4.76309562158848,1.64818395727074
4.77193891697619,1.64011240959672
4.78078221236389,1.63208070826527
4.78794384987154,1.62560620810094
4.79510548737919,1.61915703968061
4.80226712488684,1.61273288012891
4.8094287623945,1.60633428736381
4.81608238232863,1.60041279954216
4.82273600226276,1.59451300684234
4.82938962219689,1.58863476997737
4.83604324213102,1.58277821660087
4.8438012555883,1.57597703661001
4.85155926904558,1.56920500025366
4.85931728250287,1.56246191471309
4.86707529596015,1.55574783480702
4.87647977101017,1.54764783573181
4.88588424606019,1.53958984810473
4.89528872111021,1.53157345575133
4.90469319616024,1.52359891831812
4.91426439391474,1.5155264702682
4.92383559166924,1.5074963407372
4.93340678942375,1.49950774148182
4.94297798717825,1.4915618107561
4.95089360155244,1.48502335297328
4.95880921592663,1.47851306310367
4.96672483030083,1.47203038060185
4.97464044467502,1.46557632166541
4.98128355798825,1.46018241421082
4.98792667130148,1.45480813935722
4.99456978461472,1.44945332831518
5.00121289792795,1.44411824809431
5.00823283716823,1.43850214723196
5.01525277640852,1.43290779791089
5.0222727156488,1.42733506390172
5.02929265488909,1.42178401956647
5.03795053201517,1.41496770990315
5.04660840914126,1.40818398130608
5.05526628626735,1.40143257179581
5.06392416339343,1.39471358681906
5.0737716135817,1.38711110893671
5.08361906376997,1.37954977725372
5.09346651395824,1.372028989605
5.10331396414651,1.36454943428168
5.11038167318556,1.35920695072746
5.11744938222461,1.35388517636038
5.12451709126365,1.34858390621943
5.1315848003027,1.34330343505902
5.13865250934175,1.33804393826982
5.14572021838079,1.33280493920629
5.15278792741984,1.32758630093975
5.15985563645888,1.3223881153212
5.16843798318138,1.31610352229616
5.17702032990387,1.30984869584543
5.18560267662637,1.30362338720712
5.19418502334887,1.29742772119665
5.2039023268475,1.29044877171515
5.21361963034614,1.28350708405619
5.22333693384478,1.2766021046828
5.23305423734342,1.26973448591267
5.24189742205803,1.26351782466804
5.25074060677263,1.25733107609624
5.25958379148723,1.25117350454658
5.26842697620184,1.24504640664093
5.27558896501481,1.24010718605584
5.28275095382778,1.23518720714463
5.28991294264075,1.23028617117356
5.29707493145372,1.22540466011475
5.30372891597153,1.22088721926417
5.31038290048935,1.21638629842018
5.31703688500716,1.21190177734457
5.32369086952498,1.20743380275314
5.33144889243261,1.20224549910796
5.33920691534025,1.19707940845835
5.34696493824789,1.19193536775214
5.35472296115552,1.18681346150036
5.36412704407003,1.18063463224814
5.37353112698455,1.17448781024561
5.38293520989906,1.16837263142555
5.39233929281357,1.16228940723176
5.40191015365257,1.15613164974225
5.41148101449156,1.15000606434651
5.42105187533056,1.14391191672897
5.43062273616955,1.13785039824726
5.4385384812703,1.13286259097148
5.44645422637104,1.12789615374478
5.45436997147179,1.12295055589064
5.46228571657253,1.11802684308533
5.46892917444533,1.11391194148524
5.47557263231812,1.10981196565765
5.48221609019092,1.10572676410709
5.48885954806371,1.10165662114631
5.49587967730568,1.09737225804858
5.50289980654765,1.09310446772063
5.50991993578962,1.08885313405713
5.51694006503159,1.08461835151725
5.52559779178401,1.07941860573398
5.53425551853643,1.07424369027884
5.54291324528885,1.06909338032422
5.55157097204127,1.06396781832555
5.56141804377228,1.05816853361849
5.57126511550328,1.05240056431535
5.58111218723428,1.04666336190494
5.59095925896528,1.04095766784368
5.59802718954384,1.03688207116232
5.60509512012241,1.0328222237138
5.61216305070097,1.02877793994266
5.61923098127954,1.02474953396306
5.6262989118581,1.02073720045222
5.63336684243667,1.01674048191291
5.64043477301523,1.01275926051738
5.6475027035938,1.00879364719464
5.65608497314026,1.00399947866905
5.66466724268673,0.999227993143447
5.67324951223319,0.994478975508558
5.68183178177966,0.9897525841206
5.69154873809584,0.984428925238248
5.70126569441203,0.979133622743458
5.71098265072822,0.973866171046983
5.7206996070444,0.968627270032209
5.72954262044683,0.963885121058532
5.73838563384927,0.959165664221694
5.7472286472517,0.954468199363718
5.75607166065413,0.949794057972567
5.76323381270782,0.946026194322906
5.77039596476151,0.9422729252601
5.77755811681521,0.938533970495439
5.7847202688689,0.934809930312708
5.79137451978639,0.931363685478503
5.79802877070388,0.927930011981936
5.80468302162138,0.924508804125094
5.81133727253887,0.921100223155557
5.81909539595333,0.917142266363048
5.82685351936779,0.913201235876305
5.83461164278224,0.909276991346888
5.8423697661967,0.905369639935821
5.85177365725056,0.900656225668645
5.86117754830442,0.895967188554105
5.87058143935827,0.891302204246501
5.87998533041213,0.886661623728096
5.88955590616131,0.881964426287684
5.8991264819105,0.877291661446053
5.90869705765968,0.872642635988356
5.91826763340887,0.868018581854313
5.92618336164978,0.86421379205118
5.93409908989068,0.860425185699635
5.94201481813159,0.856652254935039
5.9499305463725,0.852896067886839
5.9565742067509,0.849756983179822
5.96321786712929,0.846629232753541
5.96986152750768,0.843512678320776
5.97650518788608,0.84040761737019
5.98352551449238,0.837139202809558
5.99054584109868,0.833883410177572
5.99756616770499,0.830640138722373
6.00458649431129,0.827409498231146
6.01324422194153,0.8234428674092
6.02190194957177,0.819495155082751
6.03055967720202,0.815566164753334
6.03921740483226,0.811656067116229
6.04906423051444,0.807232249075737
6.05891105619661,0.802832248146581
6.06875788187879,0.798455556708409
6.07860470756096,0.794102956836685
6.08567271141346,0.790993910852369
6.09274071526596,0.787896829605555
6.09980871911845,0.784811542352673
6.10687672297095,0.781738377979118
6.11394472682344,0.77867754587465
6.12101273067594,0.775628603166597
6.12808073452843,0.772591446608609
6.13514873838093,0.769566201674556
6.14373095749355,0.765908990956301
6.15231317660617,0.762269059701606
6.16089539571879,0.758646218478153
6.16947761483141,0.755040651211618
6.17919443307742,0.75097960912311
6.18891125132343,0.74694013127253
6.19862806956944,0.742921748627272
6.20834488781545,0.738925197367006
6.2171878548164,0.735307819328001
6.22603082181735,0.731707625855468
6.2348737888183,0.728123943810711
6.24371675581925,0.724558131396605
6.25087898724232,0.721683901953718
6.25804121866539,0.71882072157629
6.26520345008846,0.715968324041803
6.27236568151153,0.713127323634966
6.2790200321121,0.71049834800484
6.28567438271268,0.707878930712173
6.29232873331325,0.705268977160504
6.29898308391382,0.702668659678012
6.30674122661352,0.699649325213135
6.31449936931321,0.696642883695116
6.3222575120129,0.693649212102847
6.3300156547126,0.690668434865864
6.33941945543324,0.68707286024239
6.34882325615387,0.683495842749342
6.35822705687451,0.679937088343297
6.36763085759515,0.676396978150105
6.37720133427701,0.672813876944215
6.38677181095888,0.669249305276414
6.39634228764075,0.665702601247914
6.40591276432262,0.662175027818271
6.4138285082579,0.659272699429351
6.42174425219319,0.656382597939616
6.42965999612848,0.653504232853301
6.43757574006377,0.65063868950949
6.44421948587467,0.648244080225681
6.45086323168558,0.645858064936142
6.45750697749648,0.643480515434399
6.46415072330738,0.641111739266141
6.4711711123143,0.63861841870773
6.47819150132122,0.636134705608224
6.48521189032813,0.633660510935494
6.49223227933505,0.631195956164419
6.50088998559558,0.628170023412823
6.50954769185611,0.625158499204811
6.51820539811664,0.62216120865994
6.52686310437718,0.619178344001391
6.53670983199856,0.615803733260112
6.54655655961995,0.612447220345723
6.55640328724134,0.609108328824646
6.56625001486272,0.605787871752732
6.57331806349967,0.603416183846042
6.58038611213662,0.601053573511391
6.58745416077357,0.59869988130707
6.59452220941052,0.596355447383574
6.60159025804746,0.594020492351864
6.60865830668441,0.591694584502015
6.61572635532136,0.589377631713229
6.62279440395831,0.587069770552528
6.63137660302512,0.584279881588663
6.63995880209193,0.581503150103254
6.64854100115874,0.578739406251165
6.65712320022555,0.575988853461837
6.66683994414206,0.572890974362522
6.67655668805857,0.569809478418797
6.68627343197508,0.566743924476812
6.69599017589158,0.563695076416254
6.70483311009179,0.560935730450737
6.713676044292,0.558189367632444
6.72251897849221,0.555455335423497
6.73136191269242,0.552735012431422
6.7385241816442,0.550542519682538
6.74568645059597,0.548358371105058
6.75284871954775,0.546182311209639
6.76001098849953,0.544014964961352
6.76666539502058,0.542009472201272
6.77331980154164,0.540011239122738
6.77997420806269,0.538020179600596
6.78662861458374,0.536036474413188
6.79438677510986,0.533733177361134
6.80214493563597,0.531439696359327
6.80990309616209,0.529155921605798
6.81766125668821,0.526881990701589
6.8270650138214,0.524139146766631
6.83646877095459,0.521410420340112
6.84587252808779,0.518695540491895
6.85527628522098,0.515994911344281
6.8648467034154,0.513261687037231
6.87441712160982,0.510542489279547
6.88398753980423,0.507836680050644
6.89355795799865,0.505145545995737
6.9014737023243,0.502931673510254
6.90938944664996,0.500727009580108
6.91730519097561,0.498531076957037
6.92522093530126,0.496344974117812
6.93186472534922,0.494518312671652
6.93850851539718,0.492698154633119
6.94515230544514,0.490884379488573
6.9517960954931,0.489077302452982
6.95881652388759,0.487175279951551
6.96583695228208,0.485280565208692
6.97285738067657,0.483393078134102
6.97987780907105,0.481512949117082
6.98853551163705,0.47920462864142
6.99719321420305,0.476907276320439
7.00585091676905,0.474620733764989
7.01450861933505,0.472345209619717
7.02435529422994,0.469770975094525
7.03420196912483,0.467210475608147
7.04404864401971,0.464663258512064
7.0538953189146,0.462130160504349
7.06096338603944,0.460320982548825
7.06803145316427,0.458518679586386
7.0750995202891,0.456723100798361
7.08216758741394,0.454934594928404
7.08923565453877,0.453153391146891
7.0963037216636,0.451379066262767
7.10337178878844,0.449611536643966
7.11043985591327,0.447850947318
7.11902204418167,0.44572269767538
7.12760423245006,0.443604461060219
7.13618642071846,0.441496082570315
7.14476860898685,0.43939778051099
7.15448531986454,0.437034642256826
7.16420203074222,0.434683934895652
7.17391874161991,0.432345238537453
7.1836354524976,0.430019338197379
7.19247837419634,0.42791454181894
7.20132129589509,0.425819523564333
7.21016421759384,0.423733646601449
7.21900713929258,0.421658305125192
7.22616942630763,0.419985888194954
7.23333171332268,0.418319751924045
7.24049400033773,0.416659649010617
7.24765628735277,0.415006212571621
7.25431071813093,0.413476360098969
7.26096514890908,0.411952013676597
7.26761957968723,0.410433093643251
7.27427401046539,0.408919787222046
7.2820321769367,0.40716272893901
7.28979034340802,0.405413139438168
7.29754850987934,0.403670919002974
7.30530667635065,0.401936215280508
7.31471041276799,0.399843875564472
7.32411414918533,0.397762266641262
7.33351788560267,0.395691135212784
7.34292162202001,0.393630902942291
7.35249201558631,0.391546002766023
7.36206240915262,0.38947169411392
7.37163280271892,0.387407357174184
7.38120319628522,0.385354296674122
7.38911894292664,0.383665618138757
7.39703468956806,0.381983845587731
7.40495043620947,0.380308511873576
7.41286618285089,0.378640725508512
7.41950999302979,0.377247335740908
7.42615380320869,0.375858854500039
7.43279761338759,0.374475167141763
7.43944142356648,0.373096594731742
7.44646186792918,0.371645656122941
7.45348231229189,0.370200270870839
7.46050275665459,0.368760365707536
7.46752320101729,0.367326077821503
7.4761808998642,0.365565193343221
7.48483859871111,0.363812652494682
7.49349629755802,0.362068309468196
7.50215399640493,0.360332385433262
7.51200064784415,0.358368715185925
7.52184729928338,0.356415451888659
7.5316939507226,0.354472161035963
7.54154060216183,0.352539697362703
7.5486086790001,0.35115963756706
7.55567675583838,0.349784772487025
7.56274483267665,0.348414957882613
7.56981290951493,0.347050549052207
7.5768809863532,0.345691781695263
7.58394906319148,0.344338239120834
7.59101714002975,0.342989844173047
7.59808521686803,0.34164674833278
7.60666740033786,0.34002323380121
7.6152495838077,0.338407333544437
7.62383176727754,0.336798904059704
7.63241395074738,0.335198174999798
7.64213064508297,0.333395534793384
7.65184733941856,0.331602310516974
7.66156403375415,0.329818098500161
7.67128072808974,0.328043699884043
7.68012364285988,0.326438230341014
7.68896655763002,0.32484009395751
7.69780947240016,0.323248665879434
7.70665238717029,0.321665352200129
7.71381468278437,0.320389682103744
7.72097697839845,0.31911871847723
7.72813927401252,0.317852220264872
7.7353015696266,0.316590826802993
7.74195601274304,0.315423823834857
7.74861045585947,0.314260989120116
7.75526489897591,0.313102247929095
7.76191934209235,0.311947792400625
7.76967751217746,0.310607437508721
7.77743568226258,0.309272760760654
7.7851938523477,0.307943670133925
7.79295202243281,0.30662032093868
7.80235574890969,0.305024220707227
7.81175947538657,0.303436267715626
7.82116320186344,0.301856222116217
7.83056692834032,0.300284518953438
7.84013730913454,0.298694194906801
7.84970768992875,0.297111841979848
7.85927807072296,0.295536854248773
7.86884845151718,0.293970550240605
7.87676419862834,0.292682520678554
7.8846799457395,0.291399640560087
7.89259569285067,0.290121450441905
7.90051143996183,0.28884906649552
7.90715526006971,0.287786204239277
7.91379908017758,0.286727033822219
7.92044290028546,0.285671445078292
7.92708672039334,0.28461976353597
7.93410717324698,0.2835129399205
7.94112762610063,0.282410331286908
7.94814807895427,0.281311869572155
7.95516853180791,0.280217697151009
7.96382622946121,0.278874428092027
7.97248392711451,0.277537500528354
7.9811416247678,0.276206778250339
7.9897993224211,0.274882491981588
7.99964596212201,0.273384592772617
8.00949260182292,0.271894561685178
8.01933924152383,0.270411978053312
8.02918588122474,0.268937710372971
8.03625396244516,0.26788500814021
8.04332204366559,0.266836218799766
8.05039012488601,0.265791203130506
8.05745820610644,0.264750321430925
8.06452628732686,0.263713814381001
8.07159436854729,0.262681270249137
8.07866244976771,0.261652616820146
8.08573053098814,0.26062801049745
8.09431271205486,0.259389536694546
8.10289489312158,0.258156847263961
8.11147707418831,0.256929807399234
8.12005925525503,0.255708655409165
8.12977594190545,0.254333593737525
8.13949262855586,0.252965648027717
8.14920931520627,0.251604426981863
8.15892600185669,0.250250744044043
8.16776891359919,0.249026189256401
8.17661182534169,0.247807102473832
8.18545473708419,0.246592867977828
8.19429764882669,0.245384900943003
8.20145994856292,0.244411893421929
8.20862224829916,0.243442391478938
8.2157845480354,0.24247615882319
8.22294684777164,0.241513839536209
8.22960129656508,0.240623640701825
8.23625574535853,0.239736589561214
8.24291019415197,0.238852615147078
8.24956464294542,0.237971913347859
8.25732281452735,0.236949444470605
8.26508098610928,0.235931287730587
8.27283915769121,0.234917356974967
8.28059732927314,0.233907813359315
8.29000105100839,0.232690272396149
8.29940477274365,0.231478907799634
8.3088084944789,0.230273489982856
8.31821221621415,0.229074464197944
8.3277825912007,0.227861430226906
8.33735296618724,0.226654368392301
8.34692334117378,0.22545268336348
8.35649371616033,0.224257704197688
8.36440946368688,0.223275313042001
8.37232521121344,0.222296731336937
8.38024095874,0.221321505515414
8.38815670626656,0.220350757594451
8.39480053103031,0.219540042000138
8.40144435579406,0.218732090077186
8.40808818055781,0.217926795075891
8.41473200532157,0.217124485929133
8.42175246197827,0.216280174143121
8.42877291863498,0.215439056342024
8.43579337529169,0.214601068433561
8.4428138319484,0.213766356748613
8.45147152885603,0.212741668929742
8.46012922576367,0.211721795262652
8.4687869226713,0.210706606859805
8.47744461957894,0.209696341732791
8.4872912538247,0.208553758621002
8.49713788807047,0.207417106877054
8.50698452231623,0.206285976392248
8.51683115656199,0.205161246160793
8.52389923995592,0.204358271745672
8.53096732334985,0.203558232370248
8.53803540674378,0.20276099264217
8.54510349013771,0.201966916674171
8.55217157353164,0.201176248945529
8.55923965692558,0.200388581508244
8.56630774031951,0.199603845916283
8.57337582371344,0.198822202328067
8.58195800366384,0.197877459777216
8.59054018361424,0.196937105644783
8.59912236356464,0.196001011758395
8.60770454351504,0.195069423029976
8.61742122642422,0.194020542470821
8.6271379093334,0.192977023331071
8.63685459224258,0.191938483751
8.64657127515176,0.190905746560732
8.65541418536143,0.18997177547754
8.66425709557111,0.189041849552856
8.67310000578078,0.188115360036528
8.68194291599046,0.187193729032767
8.68910521769423,0.186451610511761
8.696267519398,0.185712081455562
8.70342982110177,0.184974909208272
8.71059212280554,0.184240741471538
8.71724657437962,0.183561705425211
8.72390102595369,0.182885038526893
8.73055547752777,0.182210672679559
8.73720992910185,0.181538806631895
8.74496810146855,0.180758839828944
8.75272627383525,0.179982143092933
8.76048444620195,0.179208634748819
8.76824261856865,0.178438480411237
8.77764633803364,0.177509726102823
8.78705005749863,0.176585644668344
8.79645377696363,0.17566601434835
8.80585749642862,0.17475128818195
8.81542786854908,0.17382607259102
8.82499824066954,0.172905304200159
8.83456861279,0.171988395759181
8.84413898491046,0.171076684359752
8.8520547325785,0.170327452023176
8.85997048024654,0.16958100691175
8.86788622791458,0.168836899940754
8.87580197558262,0.168096257587476
8.88244580259967,0.167477894512304
8.88908962961672,0.16686158704533
8.89573345663376,0.166247231043137
8.90237728365081,0.1656351580356
8.90939774220256,0.164991105841659
8.9164182007543,0.164349468754548
8.92343865930605,0.163710185711186
8.9304591178578,0.163073406060276
8.9391168144613,0.162291750495684
8.94777451106481,0.161513743936965
8.95643220766831,0.160739263082374
8.96508990427182,0.159968551503039
8.97493653586246,0.159097023798002
8.9847831674531,0.158229949996592
8.99462979904373,0.157366928043611
9.00447643063437,0.156508844942288
9.01154451504401,0.155896377609217
9.01861259945365,0.155286099351664
9.02568068386328,0.154677877698148
9.03274876827292,0.154072079671063
9.03981685268256,0.153468952647953
9.04688493709219,0.152868091567318
9.05395302150183,0.152269430858509
9.06102110591147,0.15167313354437
9.06960328531838,0.150952466216372
9.0781854647253,0.150235122392656
9.08676764413222,0.149520978961753
9.09534982353914,0.148810285872734
9.10506650467964,0.148010235000438
9.11478318582014,0.147214207083125
9.12449986696064,0.146421827460887
9.13421654810114,0.14563392612436
9.14305945760349,0.144921629110753
9.15190236710584,0.144212291826125
9.16074527660819,0.143505310835776
9.16958818611054,0.142802113531194
9.17675048875599,0.142236130718014
9.18391279140144,0.141672038503911
9.19107509404688,0.141109607005927
9.19823739669233,0.14054948668748
9.20489184957596,0.140031538095506
9.2115463024596,0.139515364730171
9.21820075534323,0.139000900684122
9.22485520822687,0.138488346887908
9.23261338094808,0.137893374838997
9.24037155366928,0.13730087790472
9.24812972639049,0.136710777826
9.2558878991117,0.136123243619011
9.26529161749224,0.135414792442797
9.27469533587278,0.134709867190236
9.28409905425332,0.134008252073122
9.29350277263387,0.133310406070888
9.30307314341079,0.132604754923669
9.31264351418772,0.131902387667948
9.32221388496465,0.131202723217481
9.33178425574157,0.130507104793737
9.33970000349435,0.129935739592828
9.34761575124714,0.129366381803635
9.35553149899992,0.128798585760639
9.3634472467527,0.128233481344221
9.3700910748389,0.127761856108245
9.37673490292509,0.127291746327628
9.38337873101129,0.126823049847221
9.39002255909748,0.126356100178009
9.39704301853228,0.125864817775076
9.40406347796708,0.125375356304564
9.41108393740188,0.124887657014281
9.41810439683668,0.124401871555031
9.42676209327909,0.123805615128764
9.43541978972151,0.123212118867421
9.44407748616393,0.122621263730458
9.45273518260635,0.122033297530051
9.46258181294161,0.121368546522616
9.47242844327688,0.120707122324679
9.48227507361214,0.120048629024647
9.49212170394741,0.119393959735632
9.49918978884969,0.11892682235543
9.50625787375197,0.118461304985389
9.51332595865425,0.117997277382263
9.52039404355653,0.117535108788072
9.5274621284588,0.117075048791296
9.53453021336108,0.116616694532494
9.54159829826336,0.116159982634553
9.54866638316564,0.115705078305417
9.55724856231564,0.115155348576546
9.56583074146563,0.11460812997374
9.57441292061563,0.114063303246291
9.58299509976563,0.11352112218586
9.59271178005451,0.112910892997203
9.60242846034339,0.112303665705875
9.61214514063227,0.111699071144337
9.62186182092115,0.111097944765825
9.63070473007769,0.110554753607817
9.63954763923422,0.110013694150126
9.64839054839075,0.109474167012799
9.65723345754728,0.108937603621212
9.66439576064265,0.108505987432418
9.67155806373803,0.108075728706783
9.6787203668334,0.107646599676707
9.68588266992878,0.107219252912507
9.69253712344448,0.106824191276922
9.69919157696018,0.106430451789703
9.70584603047588,0.106037970213928
9.71250048399157,0.105646949144557
9.72025865688847,0.105193101884076
9.72801682978537,0.10474112330219
9.73577500268226,0.104290937745733
9.74353317557916,0.103842716825734
9.75293689344092,0.103302325656023
9.76234061130268,0.102764585450045
9.77174432916445,0.102229284974805
9.78114804702621,0.10169688774135
9.79071841715277,0.101158733076645
9.80028878727933,0.100622974864481
9.80985915740589,0.100089036720685
9.81942952753245,0.0995582665432198
9.82734527532063,0.0991225887575313
9.83526102310881,0.0986883234963081
9.84317677089699,0.0982550277023068
9.85109251868517,0.0978238338522251
9.85773634728498,0.0974641488346847
9.86438017588479,0.0971055672120886
9.8710240044846,0.0967479883460791
9.87766783308441,0.0963917472589263
9.88468829294828,0.0960170065885899
9.89170875281216,0.0956436335795431
9.89872921267603,0.0952715712424882
9.9057496725399,0.0949009729843739
9.91440736891,0.0944461498103001
9.92306506528009,0.0939934087415989
9.93172276165019,0.0935426339884317
9.94038045802028,0.0930940765982538
9.95022708775113,0.0925870668441242
9.96007371748198,0.0920825240870183
9.96992034721283,0.0915800571020079
9.97976697694368,0.0910805636632538
9.98683506207939,0.0907242924561481
9.9939031472151,0.0903692071428433
10.0009712323508,0.0900151791799288
10.0080393174865,0.0896625795026723
10.0151074026222,0.0893116593861676
10.022175487758,0.0889620176508676
10.0292435728937,0.088613592593027
10.0363116580294,0.0882665510874855
10.0448938370557,0.0878472225037642
10.053476016082,0.0874297853168007
10.0620581951082,0.0870141232211099
10.0706403741345,0.0866004929396799
10.080357054018,0.0861350707522467
10.0900737339015,0.0856718715402492
10.0997904137851,0.085210530326013
10.1095070936686,0.0847518867300331
10.118350002662,0.0843376993543082
10.1271929116555,0.0839250120104709
10.136035820649,0.0835132284116719
10.1448787296425,0.0831037830607926
10.1520410329531,0.0827746695763875
10.1592033362636,0.0824465068478455
10.1663656395742,0.0821190687212848
10.1735279428848,0.0817930093743105
10.1801823967009,0.0814916930901109
10.186836850517,0.0811913533196097
10.1934913043331,0.0808919271002017
10.2001457581492,0.0805936182965334
10.2079039311283,0.0802474292502172
10.2156621041073,0.0799026462577181
10.2234202770864,0.07955919565382
10.2311784500654,0.0792172510290381
10.2405821676792,0.0788050658008842
10.249985885293,0.0783948640662832
10.2593896029069,0.0779864380672173
10.2687933205207,0.0775802547717087
10.2783636903387,0.0771698761557023
10.2879340601567,0.0767612170023189
10.2975044299747,0.0763537045143321
10.3070747997927,0.0759486901573603
10.3149905475994,0.0756165226361712
10.322906295406,0.0752853138247397
10.3308220432126,0.0749546226555236
10.3387377910193,0.0746255835859602
10.3453816198639,0.0743512931045173
10.3520254487085,0.0740777916741982
10.3586692775532,0.0738049798137497
10.3653131063978,0.0735331936983309
10.3723335664648,0.073247357863731
10.3793540265317,0.0729625439086933
10.3863744865987,0.0726786961887681
10.3933949466657,0.0723959694505775
10.4020526429998,0.0720490397958499
10.4107103393339,0.0717036749832089
10.419368035668,0.0713597617026522
10.4280257320021,0.0710175534696752
10.4378723614452,0.0706308779105407
10.4477189908884,0.0702460134336089
10.4575656203315,0.0698625723891943
10.4674122497746,0.0694814561072127
10.4744803350226,0.0692097600814721
10.4815484202705,0.0689389187802303
10.4886165055185,0.0686688049568158
10.4956845907664,0.068399790838196
10.5027526760144,0.0681321289861052
10.5098207612623,0.067865419502533
10.5168888465103,0.0675996019602818
10.5239569317582,0.0673348445057851
10.5325391107256,0.0670149935062979
10.541121289693,0.0666965611380008
10.5497034686604,0.0663794333421992
10.5582856476278,0.066063869078059
10.568002327317,0.065708914092518
10.5777190070062,0.0653555878755506
10.5874356866953,0.0650035286457411
10.5971523663845,0.064653579202645
10.6059952752993,0.0643378034207608
10.6148381842141,0.0640230457973088
10.623681093129,0.0637087124049968
10.6325240020438,0.063396240094509
10.6396863054573,0.0631453216494017
10.6468486088707,0.0628950437000805
10.6540109122841,0.0626451813237014
10.6611732156976,0.0623963899240158
10.6678276696579,0.0621665880623968
10.6744821236181,0.0619374990441609
10.6811365775784,0.0617090608788302
10.6877910315387,0.0614814783996327
10.6955492045576,0.0612174173114813
10.7033073775764,0.060954409360007
10.7110655505953,0.0606923823965217
10.7188237236142,0.0604315115215981
10.7282274411094,0.0601171292455407
10.7376311586047,0.0598042212779816
10.7470348760999,0.0594925825118196
10.7564385935952,0.059182682552256
10.7660089632649,0.0588697789397277
10.7755793329347,0.0585580783425511
10.7851497026045,0.0582470106998006
10.7947200722743,0.0579379301987839
10.8026358200893,0.0576847263366458
10.8105515679043,0.0574321349879457
10.8184673157193,0.0571797166029801
10.8263830635343,0.0569286071502653
10.8330268924962,0.0567194606010017
10.8396707214581,0.0565108633030369
10.84631455042,0.0563027166578292
10.8529583793819,0.056095357720024
10.8599788395466,0.0558773436773202
10.8669992997113,0.0556600877317002
10.8740197598759,0.0554435352646461
10.8810402200406,0.0552278420447532
10.8896979163579,0.0549632198494589
10.8983556126753,0.0546997678977035
10.9070133089926,0.0544373747712517
10.9156710053099,0.0541762958683542
10.9255176346151,0.053881418234395
10.9353642639203,0.0535878513126863
10.9452108932255,0.0532952101809377
10.9550575225307,0.0530043988816196
10.9621256078321,0.0527972217328245
10.9691936931336,0.0525906466732746
10.976261778435,0.0523845474455292
10.9833298637364,0.0521792972619357
10.9903979490378,0.0519751496657495
10.9974660343393,0.0517717057365982
11.0045341196407,0.0515689060211119
11.0116022049421,0.0513669196357643
11.0201843838813,0.0511229559298405
11.0287665628204,0.0508800502020126
11.0373487417596,0.0506380901075704
11.0459309206988,0.0503973363115615
11.0556476002952,0.050126652136902
11.0653642798916,0.0498571434352588
11.075080959488,0.049588450863501
11.0847976390844,0.049321419646373
11.0936405479618,0.0490807179582355
11.1024834568393,0.0488406668273938
11.1113263657167,0.0486006741265425
11.1201692745941,0.0483621784974562
11.1273315780568,0.0481709117849269
11.1344938815194,0.0479800488837016
11.141656184982,0.0477893658100432
11.1488184884447,0.0475995189030855
11.1554729424737,0.0474242724113412
11.1621273965028,0.0472495376198842
11.1687818505318,0.0470752532798352
11.1754363045608,0.0469016249633072
11.1831944775986,0.0467002158657746
11.1909526506363,0.0464995906791645
11.1987108236741,0.046299678411687
11.2064689967118,0.0461006553158697
11.2158727141504,0.0458608828253453
11.2252764315889,0.0456221962073314
11.2346801490275,0.045384392377
11.2440838664661,0.0451479429513449
11.2536542360652,0.0449093989455418
11.2632246056643,0.0446716639790558
11.2727949752634,0.0444341700783554
11.2823653448625,0.0441982735070469
11.2902810926817,0.0440053077232764
11.2981968405008,0.0438126903542142
11.3061125883199,0.0436199830080426
11.3140283361391,0.0434283228060439
11.320672165157,0.0432688718447548
11.3273159941749,0.0431097872014726
11.3339598231929,0.0429509709510413
11.3406036522108,0.0427927608190278
11.347624112422,0.0426264851911961
11.3546445726332,0.0424607664317966
11.3616650328444,0.0422955507049537
11.3686854930556,0.0421309945588798
11.3773431893648,0.0419291612870416
11.386000885674,0.0417281972359926
11.3946585819831,0.0415279924306497
11.4033162782923,0.0413288037055345
11.4131629075317,0.0411039548727502
11.423009536771,0.0408800350409013
11.4328561660104,0.0406566613683097
11.4427027952497,0.0404347399667484
11.4497708805768,0.0402767815760161
11.4568389659038,0.0401192325496353
11.4639070512309,0.0399619673848099
11.4709751365579,0.0398053600455905
11.478043221885,0.0396496648239921
11.485111307212,0.0394944835454455
11.4921793925391,0.0393397574994742
11.4992474778661,0.0391856565425524
11.5078296567918,0.0389995840834683
11.5164118357175,0.0388142944753004
11.5249940146432,0.0386296766808667
11.5335761935689,0.0384459926665584
11.5432928731209,0.0382395951729063
11.5530095526729,0.0380340273520342
11.5627262322249,0.0378289317208736
11.5724429117769,0.0376251553542517
11.5812858206364,0.037441724556689
11.5901287294959,0.0372586638888639
11.5989716383554,0.0370753825965955
11.6078145472149,0.0368933206880302
11.614976850701,0.0367475597922269
11.6221391541872,0.0366020221510097
11.6293014576733,0.0364564844970468
11.6364637611595,0.0363116038830392
11.6431182152215,0.0361779754060196
11.6497726692834,0.0360447051856109
11.6564271233454,0.0359117325386695
11.6630815774074,0.0357792636009707
11.6708397504542,0.0356256490911732
11.678597923501,0.0354726131112108
11.6863560965478,0.0353200855518435
11.6941142695946,0.035168243544375
11.7035179870061,0.0349853877427612
11.7129217044176,0.0348033214920728
11.722325421829,0.0346218432501901
11.7317291392405,0.0344414261688187
11.7412995088058,0.0342596080007857
11.750869878371,0.0340782983242114
11.7604402479363,0.0338969307579431
11.7700106175016,0.0337168631495258
11.7779263653226,0.0335698504804296
11.7858421131437,0.0334229847561425
11.7937578609648,0.0332758284681449
11.8016736087859,0.0331295196171288
11.8083174378306,0.0330079793456013
11.8149612668753,0.0328866658399041
11.82160509592,0.0327654816885801
11.8282489249647,0.0326447651290133
11.8352693851982,0.0325179585781082
11.8422898454318,0.0323915553866952
11.8493103056653,0.0322655023159444
11.8563307658988,0.0321399565088038
11.8649884622041,0.0319860222846139
11.8736461585094,0.0318327276435297
11.8823038548147,0.0316799637113893
11.89096155112,0.0315279884183831
11.9008081803279,0.0313565616328089
11.9106548095357,0.0311857726565569
11.9205014387436,0.0310152402351594
11.9303480679514,0.0308458720589778
11.9374161532907,0.0307254606038805
11.94448423863,0.0306053114913584
11.9515523239693,0.0304852997943022
11.9586204093085,0.030365800050205
11.9656884946478,0.0302470671222784
11.9727565799871,0.0301287034048971
11.9798246653264,0.0300106507543075
11.9868927506657,0.0298930795914978
11.9954749295849,0.0297511699470306
12.0040571085041,0.0296098332704452
12.0126392874234,0.0294689595220184
12.0212214663426,0.0293288116608813
12.0309381458734,0.0291714557911055
12.0406548254042,0.0290146657975547
12.050371504935,0.0288580856161227
12.0600881844658,0.0287025637329917
12.0689310933167,0.0285628225061255
12.0777740021677,0.0284232374825211
12.0866169110186,0.0282832189554923
12.0954598198696,0.0281442079755451
12.102622123367,0.0280331615674227
12.1097844268644,0.027922200674702
12.1169467303617,0.0278111025765669
12.1241090338591,0.02770052487007
12.1307634879368,0.0275986450390371
12.1374179420145,0.027497006408839
12.1440723960922,0.0273955487279087
12.1507268501699,0.0272944785620149
12.1584850232211,0.0271773245475215
12.1662431962722,0.0270605923862072
12.1740013693234,0.026944212642093
12.1817595423745,0.0268283631168631
12.191163259773,0.0266889266801713
12.2005669771715,0.0265500537430451
12.20997069457,0.0264115439402324
12.2193744119685,0.0262738715942064
12.2289447815176,0.0261353271986654
12.2385151510667,0.0259970620191742
12.2480855206158,0.0258585108893359
12.2576558901649,0.0257210328650241
12.2655716379869,0.0256090759082541
12.273487385809,0.0254971122033171
12.281403133631,0.0253847049155222
12.289318881453,0.0252729927164326
12.2959627105105,0.0251803729273821
12.302606539568,0.0250878734456312
12.3092503686256,0.0249953972516026
12.3158941976831,0.0249032829731235
12.3229146579272,0.0248065857331271
12.3299351181714,0.0247101747470608
12.3369555784155,0.0246139972315564
12.3439760386597,0.0245182107832599
12.3526337349632,0.0244008167423225
12.3612914312666,0.0242838871034919
12.3699491275701,0.0241673138324534
12.3786068238736,0.0240513556952367
12.3884534530663,0.0239206823583496
12.3983000822591,0.0237904246928658
12.4081467114519,0.0236602026551333
12.4179933406447,0.023530925139755
12.4250614259898,0.0234391566741183
12.432129511335,0.0233475383942818
12.4391975966801,0.0232559458123041
12.4462656820252,0.0231647539031331
12.4533337673704,0.0230742179657219
12.4604018527155,0.0229839408284698
12.4674699380606,0.0228938647799524
12.4745380234058,0.0228041606718018
12.4831202023219,0.0226959409944019
12.4917023812381,0.0225881341738821
12.5002845601543,0.022480630931439
12.5088667390704,0.0223736949835228
12.5185834185911,0.0222537509205225
12.5283000981117,0.0221341714943729
12.5380167776324,0.0220146017234341
12.547733457153,0.0218958911705537
12.5565763659998,0.0217894788927196
12.5654192748467,0.021683059622571
12.5742621836935,0.0215760444525094
12.5831050925404,0.0214698752282188
12.5902673960432,0.0213853110532708
12.5974296995459,0.0213007273182507
12.6045920030487,0.0212159017192563
12.6117543065514,0.0211314922686044
12.6184087606367,0.021053832154002
12.6250632147219,0.0209763239432699
12.6317176688071,0.0208989077140731
12.6383721228923,0.0208217903602036
12.6461302959456,0.0207324505351154
12.6538884689988,0.0206434130411276
12.661646642052,0.0205546089558643
12.6694048151052,0.0204662165924145
12.6788085324975,0.0203599029760095
12.6882122498898,0.0202539804140284
12.6976159672821,0.0201482494390024
12.7070196846744,0.0200431852665342
12.7165900542158,0.0199376526248719
12.7261604237572,0.0198322242946243
12.7357307932985,0.0197263360360797
12.7453011628399,0.0196213478268988
12.7532169106624,0.0195361334092339
12.7611326584848,0.019450794997447
12.7690484063073,0.019364896270882
12.7769641541297,0.0192795764128846
12.7836079831934,0.0192090188523827
12.790251812257,0.0191385003864117
12.7968956413207,0.0190679242943433
12.8035394703843,0.0189976295018575
12.8105599306336,0.0189239013979546
12.8175803908828,0.018850370213038
12.8246008511321,0.0187769835111926
12.8316213113813,0.0187038992351709
12.8402790076839,0.0186143801741896
12.8489367039865,0.0185251918770465
12.8575944002891,0.0184362269501115
12.8662520965917,0.0183477447970407
12.8760987257772,0.0182481605642637
12.8859453549628,0.0181488225431488
12.8957919841484,0.0180493516137245
12.905638613334,0.0179506575892598
12.9127066986819,0.0178807396642703
12.9197747840299,0.0178108863653604
12.9268428693778,0.0177409735396116
12.9339109547257,0.0176713764956876
12.9409790400737,0.0176023508649505
12.9480471254216,0.0175334998068989
12.9551152107695,0.0174647659399148
12.9621832961175,0.0173963204441499
12.9707654750321,0.017313801435789
12.9793476539468,0.0172315731423109
12.9879298328615,0.0171495268653868
12.9965120117762,0.0170679268991935
13.006228691292,0.0169765227412763
13.0159453708078,0.0168853297030952
13.0256620503236,0.0167939936287781
13.0353787298394,0.0167033649025166
13.0442216386843,0.0166223778881341
13.0530645475292,0.016541259386346
13.0619074563741,0.0164594210991436
13.0707503652189,0.0163783054788213
13.0779126687243,0.016313943493771
13.0850749722296,0.0162494817909568
13.092237275735,0.0161846983845226
13.0993995792403,0.016120251603573
13.1060540333291,0.0160610676993356
13.1127084874179,0.0160019675780426
13.1193629415067,0.0159428915685168
13.1260173955956,0.0158840468147849
13.1337755686498,0.0158159252733558
13.141533741704,0.0157480148846244
13.1492919147582,0.0156802471180209
13.1570500878124,0.0156128006767636
13.1664538052017,0.0155317550767819
13.1758575225911,0.015450968980027
13.1852612399804,0.0153702436039114
13.1946649573698,0.0152900548453688
13.2042353269074,0.0152097054921968
13.2138056964451,0.0151293270229972
13.2233760659828,0.0150483559049864
13.2329464355205,0.0149681528190204
13.2408621833431,0.0149033391677409
13.2487779311658,0.0148383120802956
13.2566936789885,0.0147726356281634
13.2646094268111,0.0147074493851089
13.2712532558777,0.0146537221775446
13.2778970849443,0.0145999721106807
13.2845409140109,0.0145461026919449
13.2911847430775,0.0144924530742364
13.2982052033291,0.0144362471651584
13.3052256635808,0.0143801700251683
13.3122461238325,0.0143241694834083
13.3192665840842,0.0142684037466615
13.3279242803864,0.0142001493438912
13.3365819766885,0.0141321237579046
13.3452396729907,0.0140642200838233
13.3538973692928,0.0139966982117214
13.363743998475,0.0139208305582185
13.3735906276571,0.0138450798426176
13.3834372568393,0.0137690676495845
13.3932838860214,0.0136937044932007
13.4003519713707,0.013640455433264
13.4074200567199,0.0135872057294686
13.4144881420692,0.0135338314844711
13.4215562274185,0.013480708261513
13.4286243127677,0.0134280919455372
13.435692398117,0.0133755859486243
13.4427604834663,0.0133231331407519
13.4498285688156,0.0132709049526857
13.4584107477295,0.0132079919115282
13.4669929266435,0.0131452764082246
13.4755751055575,0.0130826501872653
13.4841572844715,0.0130203779835509
13.493873963985,0.0129507457274362
13.5035906434984,0.0128812074792614
13.5133073230119,0.0128114097130982
13.5230240025254,0.0127422034397077
13.5318669113693,0.0126806122971054
13.5407098202133,0.0126187946949909
13.5495527290572,0.0125561628003851
13.5583956379012,0.012494159528342
13.5655579414078,0.0124452089503865
13.5727202449143,0.0123960975057108
13.5798825484209,0.012346603451083
13.5870448519275,0.012297385357272
13.593699306018,0.0122522961824215
13.6003537601085,0.0122072388239054
13.6070082141991,0.0121621538021443
13.6136626682896,0.0121172484520587
13.6214208413443,0.0120653134532151
13.629179014399,0.012013520050873
13.6369371874536,0.0119618000133555
13.6446953605083,0.0119103323414939
13.6540990778962,0.0118485626560946
13.6635027952842,0.0117869521190075
13.6729065126721,0.011725302470112
13.68231023006,0.0116640901261011
13.6918805995959,0.0116029520521067
13.7014509691318,0.0115416830758604
13.7110213386678,0.0114797202038645
13.7205917082037,0.0114184246534138
13.7285074560264,0.0113691738949258
13.7364232038492,0.0113196414686713
13.744338951672,0.0112693917452725
13.7522546994948,0.011219564596329
13.7588985285627,0.0111786765622421
13.7655423576307,0.0111377184068653
13.7721861866987,0.0110965938116005
13.7788300157667,0.0110556421026832
13.7858504760195,0.0110128031443657
13.7928709362724,0.0109700409664244
13.7998913965252,0.0109273036002026
13.8069118567781,0.010884749453901
13.81556955308,0.0108327169709177
13.824227249382,0.0107808355335675
13.8328849456839,0.0107289986098199
13.8415426419859,0.0106774664608172
13.8513892711664,0.0106196911952793
13.8612359003469,0.0105619342500904
13.8710825295274,0.0105038177474542
13.8809291587079,0.010446252736073
13.8879972440578,0.0104057196572408
13.8950653294077,0.0103651361428396
13.9021334147576,0.0103243784904933
13.9092015001075,0.0102838224576503
13.9162695854574,0.0102437241226996
13.9233376708073,0.0102036870904062
13.9304057561572,0.0101636544226795
13.9374738415071,0.0101237977414679
13.9460560204208,0.0100758412739896
13.9546381993344,0.0100280112635006
13.9632203782481,0.00998019979229987
13.9718025571617,0.0099326719314975
13.9815192366741,0.00987964855011631
13.9912359161865,0.00982662983697604
14.0009525956988,0.00977326274670628
14.0106692752112,0.00972039876805175
14.0195121840547,0.00967360392610288
14.0283550928982,0.0096265101743873
14.0371980017417,0.00957853003467767
14.0460409105852,0.00953110677504794
14.0532032140924,0.00949391291602832
14.0603655175995,0.00945651154230311
14.0675278211067,0.00941868109572823
14.0746901246138,0.00938108033142831
14.0813445787052,0.00934674343707325
14.0879990327965,0.00931239871589602
14.0946534868879,0.00927798683447889
14.1013079409793,0.00924371527336722
14.1090661140342,0.00920412831195387
14.1168242870891,0.00916462988552453
14.124582460144,0.00912515199041493
14.1323406331989,0.0090858738544932
14.1417443505861,0.0090388089594082
14.1511480679734,0.0089918266560614
14.1605517853606,0.00894472908290096
14.1699555027479,0.00889799305312219
14.1795258722829,0.00885151046178956
14.189096241818,0.00880481931974484
14.1986666113531,0.00875735704488881
14.2082369808881,0.00871048526374364
14.216152728711,0.00867310678629897
14.2240684765338,0.00863539459004875
14.2319842243566,0.00859691327381886
14.2398999721794,0.00855880293641503
14.2465438012481,0.00852770937164747
14.2531876303167,0.00849650963139104
14.2598314593854,0.00846510752976557
14.266475288454,0.00843384252523707
14.2734957487074,0.00840120065548846
14.2805162089608,0.00836859590609856
14.2875366692142,0.00833597646266186
14.2945571294676,0.008303500887032
14.3032148257695,0.00826384342926597
14.3118725220713,0.0082242776887696
14.3205302183732,0.0081846974179429
14.3291879146751,0.00814536316100045
14.3390345438548,0.00810138982274136
14.3488811730345,0.00805735957361806
14.3587278022142,0.00801289494589956
14.3685744313939,0.00796890739612821
14.3756425167441,0.00793807480829505
14.3827106020943,0.0079071538008761
14.3897786874446,0.00787602082022806
14.3968467727948,0.00784505177195127
14.403914858145,0.00781450288200688
14.4109829434952,0.00778397790215083
14.4180510288454,0.00775342004070913
14.4251191141956,0.00772300106547549
14.4337012931091,0.00768645434350621
14.4422834720226,0.00764997985390274
14.4508656509361,0.00761346993666417
14.4594478298496,0.00757718991938084
14.4695858723872,0.00753517539526871
14.4797239149248,0.00749303888340569
14.4898619574624,0.00745031477279774
14.5,0.00740812974151601
