0,0
1.5,0
1.5,0
1.5025,0.0439987682194644
1.505,0.0873373723055073
1.5075,0.130025547685873
1.51,0.172072888127461
1.52114419715819,0.351957124056968
1.53228839431638,0.520094284115445
1.54343259147457,0.677235759495244
1.55457678863276,0.824088611757018
1.56567371948975,0.960752017694605
1.57677065034675,1.0884763261506
1.58786758120374,1.20783104193864
1.59896451206074,1.31935219189425
1.61133300174737,1.43503398630655
1.62370149143401,1.54224935659264
1.63606998112065,1.64159698236563
1.64843847080729,1.73363701159171
1.66093847080729,1.819761732595
1.67343847080729,1.89944755493011
1.68593847080729,1.97315450914661
1.69843847080729,2.04131276013038
1.71093847080729,2.10432169765672
1.72343847080729,2.16254782934524
1.73593847080729,2.21633295501988
1.74843847080729,2.26599668439705
1.76093847080729,2.31183576136896
1.77343847080729,2.35412249847464
1.78593847080729,2.39311085042798
1.79843847080729,2.42903828475338
1.81093847080729,2.46212527973007
1.82343847080729,2.49257416120814
1.83593847080729,2.52057361522398
1.84843847080729,2.54630007787761
1.86093847080729,2.56991736230662
1.87343847080729,2.59157579444361
1.88593847080729,2.61141556587749
1.89843847080729,2.62956776652878
1.91093847080729,2.64615410749219
1.92343847080729,2.66128627890664
1.93593847080729,2.67506844112247
1.94843847080729,2.6875979919764
1.96132885310547,2.69930260746456
1.97421923540364,2.70986218853168
1.98710961770182,2.71936129606078
2,2.72787886190248
2,2.72787886190248
2.0025,2.77342220190346
2.005,2.81827171589664
2.0075,2.86243763840753
2.01,2.9059300550377
2.0225,3.11363537860526
2.035,3.30593106633918
2.0475,3.48391791991218
2.06,3.64862527597772
2.0725,3.80100882997066
2.085,3.94194559419648
2.0975,4.07225345811215
2.11,4.19269721285726
2.1225,4.30398693434358
2.135,4.40677423712868
2.1475,4.50166680765312
2.16,4.58923288045138
2.1725,4.67000003679156
2.185,4.74445242131335
2.1975,4.8130415401851
2.21,4.87618958691676
2.2225,4.93428854975233
2.235,4.98769814363921
2.2475,5.03675383323051
2.26,5.08176930395532
2.2725,5.12303579881367
2.285,5.16082058183516
2.2975,5.19537289914863
2.31,5.22692581498083
2.3225,5.25569571889686
2.335,5.28188118415395
2.3475,5.30566739676054
2.36,5.3272275196185
2.3725,5.34672232640405
2.385,5.36429935332761
2.3975,5.38009618991307
2.41,5.39424149255185
2.4225,5.40685471247742
2.435,5.41804546552504
2.4475,5.42791597717218
2.46,5.43656183560644
2.4725,5.44407178961138
2.485,5.45052728029965
2.4975,5.45600425777158
2.51,5.46057374064267
2.5225,5.4643016658733
2.535,5.46724854084764
2.5475,5.46947079314626
2.56,5.47102118627351
2.5725,5.47194870808143
2.585,5.47229831226529
2.5975,5.47211192124107
2.61,5.47142873502982
2.6225,5.47028514835688
2.635,5.46871455858383
2.6475,5.46674811084368
2.66,5.46441492754127
2.6725,5.46174204675811
2.685,5.45875427954636
2.6975,5.45547476356231
2.71,5.45192513358454
2.7225,5.44812547574894
2.735,5.44409422151842
2.7475,5.4398485590312
2.76,5.43540455979532
2.7725,5.43077714468535
2.785,5.42598000516219
2.7975,5.42102590890379
2.81,5.41592679393876
2.8225,5.41069374338205
2.835,5.40533692690151
2.8475,5.3998658278006
2.86,5.39428931295951
2.8725,5.38861561406377
2.885,5.38285228411409
2.8975,5.3770063661482
2.91,5.37108444520688
2.9225,5.36509263438691
2.935,5.35903654252798
2.9475,5.35292139957255
2.96,5.34675209517647
2.9725,5.34053316834637
2.985,5.33426878343112
2.9975,5.32796282326384
3.01,5.3216189178495
3.0225,5.31524043666555
3.035,5.30883047082356
3.0475,5.30239190227358
3.06,5.29592742511889
3.0725,5.28943953989534
3.085,5.28293054031762
3.0975,5.27640256469778
3.11,5.26985761178209
3.1225,5.26329753650061
3.135,5.25672404011966
3.1475,5.25013870844567
3.16,5.24354302359191
3.1725,5.23693836082043
3.185,5.23032598122537
3.1975,5.22370706011828
3.21,5.21708269577083
3.2225,5.21045390706832
3.235,5.20382162807339
3.2475,5.19718672911632
3.26,5.1905500232907
3.2725,5.18391226471009
3.285,5.17727414446884
3.2975,5.17063630631211
3.31,5.16399935146214
3.3225,5.15736383732295
3.335,5.15073027447922
3.3475,5.14409913833911
3.36,5.13747087272009
3.3725,5.1308458888866
3.385,5.1242245633202
3.3975,5.11760724637011
3.41,5.11099426491753
3.4225,5.10438592166058
3.435,5.09778249345752
3.4475,5.09118423775412
3.46,5.08459139456316
3.4725,5.07800418593319
3.485,5.07142281471758
3.4975,5.06484746934991
3.51,5.05827832531486
3.5225,5.05171554475343
3.535,5.04515927554834
3.5475,5.03860965487215
3.56,5.03206681028012
3.5725,5.02553085941685
3.585,5.01900190933679
3.5975,5.01248005914044
3.61,5.00596540078633
3.6225,4.99945801887306
3.635,4.99295799013446
3.6475,4.98646538539824
3.66,4.97998027018931
3.6725,4.9735027045678
3.685,4.967032742754
3.6975,4.96057043458361
3.71,4.95411582595597
3.7225,4.94766895871376
3.735,4.94122987036428
3.7475,4.93479859516074
3.76,4.92837516443522
3.7725,4.92195960650936
3.785,4.91555194648722
3.7975,4.90915220705865
3.81,4.90276040874676
3.8225,4.89637656984145
3.835,4.89000070624559
3.8475,4.88363283207187
3.86,4.87727295982666
3.8725,4.87092110036066
3.885,4.86457726275457
3.8975,4.85824145476255
3.91,4.85191368294884
3.9225,4.84559395265106
3.935,4.83928226789529
3.9475,4.83297863172553
3.96,4.82668304630523
3.9725,4.82039551288996
3.985,4.81411603176439
3.9975,4.80784460248705
4.01,4.80158122396567
4.0225,4.79532589443704
4.035,4.78907861142001
4.0475,4.78283937189746
4.06,4.77660817237224
4.0725,4.77038500885213
4.085,4.76416987681507
4.0975,4.75796277134418
4.11,4.75176368716947
4.1225,4.74557261865655
4.135,4.73938955978086
4.1475,4.73321450422797
4.16,4.72704744542452
4.1725,4.72088837652992
4.185,4.71473729041709
4.1975,4.70859417974706
4.21,4.70245903699193
4.2225,4.69633185442867
4.235,4.69021262412486
4.2475,4.68410133799406
4.26,4.67799798781289
4.2725,4.67190256521643
4.285,4.66581506168758
4.2975,4.65973546859825
4.31,4.65366377722201
4.3225,4.64759997873066
4.335,4.64154406418636
4.3475,4.63549602457219
4.36,4.62945585080155
4.3725,4.62342353371564
4.385,4.61739906407758
4.3975,4.61138243259511
4.41,4.60537362992757
4.4225,4.59937264668404
4.435,4.59337947341895
4.4475,4.58739410064896
4.46,4.58141651885812
4.4725,4.57544671849649
4.485,4.56948468997689
4.4975,4.56353042368741
4.51,4.55758390999527
4.5225,4.55164513924576
4.535,4.54571410175985
4.5475,4.53979078784345
4.56,4.5338751877903
4.5725,4.52796729188116
4.585,4.52206709038204
4.5975,4.51617457355109
4.61,4.51028973164071
4.6225,4.50441255489696
4.635,4.49854303355824
4.6475,4.49268115786042
4.66,4.48682691803837
4.6725,4.48098030432554
4.685,4.47514130695299
4.6975,4.46930991615317
4.71,4.46348612216105
4.7225,4.45766991521382
4.735,4.45186128555017
4.7475,4.44606022341306
4.76,4.44026671905062
4.7725,4.43448076271585
4.785,4.42870234466612
4.7975,4.42293145516523
4.81,4.41716808448403
4.8225,4.41141222290027
4.835,4.40566386069814
4.8475,4.39992298816986
4.86,4.39418959561611
4.8725,4.38846367334588
4.885,4.38274521167622
4.8975,4.37703420093331
4.91,4.37133063145283
4.9225,4.36563449357985
4.935,4.35994577766863
4.9475,4.3542644740834
4.96,4.34859057319864
4.9725,4.34292406539898
4.985,4.33726494107908
4.9975,4.33161319064416
5.01,4.32596880451027
5.0225,4.32033177310413
5.035,4.3147020868631
5.0475,4.30907973623555
5.06,4.30346471168102
5.0725,4.29785700367018
5.085,4.29225660268471
5.0975,4.28666349921765
5.11,4.28107768377347
5.1225,4.27549914686802
5.135,4.26992787902849
5.1475,4.26436387079364
5.15999999999999,4.25880711271383
5.17249999999999,4.25325759535101
5.185,4.24771530927868
5.1975,4.24218024508201
5.21,4.23665239335793
5.22249999999999,4.23113174471507
5.23499999999999,4.22561828977376
5.2475,4.22011201916609
5.25999999999999,4.21461292353596
5.27249999999999,4.20912099353907
5.28499999999999,4.20363621984289
5.29749999999999,4.19815859312672
5.31,4.19268810408169
5.32249999999999,4.18722474341077
5.33499999999999,4.18176850182877
5.34749999999999,4.17631937006232
5.35999999999999,4.17087733884993
5.37249999999999,4.16544239894194
5.38499999999999,4.16001454110055
5.39749999999999,4.15459375609978
5.40999999999999,4.14918003472552
5.42249999999999,4.14377336777552
5.43499999999999,4.13837374605932
5.44749999999999,4.13298116039834
5.45999999999999,4.12759560162581
5.47249999999999,4.12221706058678
5.48499999999999,4.11684552813814
5.49749999999999,4.11148099514855
5.50999999999999,4.1061234524985
5.52249999999999,4.10077289108027
5.53499999999999,4.09542930179793
5.54749999999999,4.09009267556731
5.55999999999999,4.084763003316
5.57249999999999,4.07944027598336
5.58499999999999,4.0741244845205
5.59749999999999,4.06881561989025
5.60999999999999,4.06351367306716
5.62249999999999,4.0582186350375
5.63499999999999,4.05293049679924
5.64749999999999,4.04764924936203
5.65999999999999,4.04237488374721
5.67249999999999,4.03710739098775
5.68499999999999,4.03184676212831
5.69749999999999,4.02659298822516
5.70999999999999,4.02134606034621
5.72249999999999,4.01610596957097
5.73499999999999,4.01087270699056
5.74749999999999,4.00564626370768
5.75999999999999,4.0004266308366
5.77249999999999,3.99521379950314
5.78499999999999,3.99000776084469
5.79749999999999,3.98480850601015
5.80999999999999,3.97961602615993
5.82249999999999,3.97443031246597
5.83499999999999,3.96925135611167
5.84749999999999,3.96407914829195
5.85999999999999,3.95891368021314
5.87249999999999,3.95375494309303
5.88499999999999,3.94860292816088
5.89749999999999,3.94345762665733
5.90999999999999,3.93831902983444
5.92249999999999,3.93318712895564
5.93499999999999,3.92806191529578
5.94749999999999,3.92294338014104
5.95999999999999,3.91783151478894
5.97249999999999,3.91272631054837
5.98499999999999,3.9076277587395
5.99749999999999,3.90253585069384
6.00999999999999,3.89745057775416
6.02249999999999,3.89237193127452
6.03499999999999,3.88729990262025
6.04749999999999,3.88223448316792
6.05999999999999,3.87717566430533
6.07249999999999,3.87212343743149
6.08499999999999,3.86707779395665
6.09749999999999,3.86203872530221
6.10999999999999,3.85700622290077
6.12249999999999,3.85198027819606
6.13499999999999,3.84696088264301
6.14749999999999,3.84194802770764
6.15999999999999,3.83694170486711
6.17249999999999,3.83194190560966
6.18499999999999,3.82694862143464
6.19749999999999,3.82196184385249
6.20999999999999,3.81698156438466
6.22249999999999,3.81200777456369
6.23499999999999,3.80704046593315
6.24749999999999,3.80207963004761
6.25999999999999,3.79712525847266
6.27249999999999,3.79217734278485
6.28499999999999,3.78723587457174
6.29749999999999,3.78230084543185
6.30999999999999,3.77737224697463
6.32249999999999,3.77245007082045
6.33499999999999,3.76753430860063
6.34749999999999,3.76262495195739
6.35999999999999,3.75772199254382
6.37249999999999,3.75282542202389
6.38499999999999,3.74793523207244
6.39749999999999,3.74305141437517
6.40999999999999,3.7381739606286
6.42249999999999,3.73330286254005
6.43499999999999,3.72843811182767
6.44749999999999,3.72357970022042
6.45999999999999,3.71872761945799
6.47249999999999,3.71388186129086
6.48499999999999,3.70904241748027
6.49749999999999,3.70420927979817
6.50999999999999,3.69938244002725
6.52249999999999,3.69456188996089
6.53499999999999,3.68974762140318
6.54749999999999,3.6849396261689
6.55999999999999,3.68013789608347
6.57249999999999,3.67534242298295
6.58499999999999,3.67055319871409
6.59749999999999,3.66577021513423
6.60999999999999,3.66099346411132
6.62249999999999,3.65622293752389
6.63499999999999,3.6514586272611
6.64749999999999,3.64670052522265
6.65999999999999,3.64194862331879
6.67249999999999,3.63720291347031
6.68499999999999,3.63246338760855
6.69749999999999,3.62773003767536
6.70999999999999,3.62300285562307
6.72249999999999,3.61828183341449
6.73499999999999,3.61356696302294
6.74749999999999,3.60885823643218
6.75999999999999,3.60415564563642
6.77249999999999,3.59945918264027
6.78499999999999,3.59476883945881
6.79749999999999,3.59008460811751
6.80999999999999,3.58540648065219
6.82249999999999,3.5807344491091
6.83499999999999,3.57606850554483
6.84749999999999,3.57140864202633
6.85999999999999,3.56675485063088
6.87249999999999,3.56210712344608
6.88499999999999,3.55746545256984
6.89749999999999,3.5528298301104
6.90999999999999,3.54820024818623
6.92249999999999,3.54357669892611
6.93499999999999,3.53895917446905
6.94749999999999,3.53434766696434
6.95999999999999,3.52974216857147
6.97249999999999,3.52514267146013
6.98499999999999,3.52054916781026
6.99749999999999,3.51596164981197
7.00999999999999,3.51138010966553
7.02249999999999,3.50680453958139
7.03499999999999,3.50223493178015
7.04749999999999,3.49767127849256
7.05999999999999,3.49311357195946
7.07249999999999,3.48856180443181
7.08499999999999,3.48401596817071
7.09749999999999,3.47947605544729
7.10999999999999,3.47494205854277
7.12249999999999,3.47041396974843
7.13499999999999,3.46589178136561
7.14749999999999,3.46137548570567
7.15999999999999,3.45686507508996
7.17249999999999,3.45236054184988
7.18499999999999,3.44786187832681
7.19749999999999,3.4433690768721
7.20999999999999,3.43888212984706
7.22249999999999,3.43440102962298
7.23499999999999,3.42992576858106
7.24749999999999,3.42545633911247
7.25999999999999,3.42099273361824
7.27249999999999,3.41653494450934
7.28499999999999,3.41208296420662
7.29749999999999,3.40763678514082
7.30999999999999,3.40319639975251
7.32249999999999,3.39876180049213
7.33499999999999,3.39433297981997
7.34749999999999,3.38990993020612
7.35999999999999,3.3854926441305
7.37249999999999,3.38108111408281
7.38499999999999,3.37667533256257
7.39749999999999,3.37227529207904
7.40999999999999,3.36788098515126
7.42249999999999,3.363492404308
7.43499999999999,3.35910954208778
7.44749999999999,3.35473239103886
7.45999999999999,3.35036094371918
7.47249999999999,3.34599519269637
7.48499999999999,3.34163513054778
7.49749999999999,3.33728074986043
7.50999999999999,3.33293204323095
7.52249999999999,3.32858900326567
7.53499999999999,3.32425162258054
7.54749999999999,3.31991989380113
7.55999999999999,3.31559380956261
7.57249999999999,3.31127336250975
7.58499999999999,3.30695854529692
7.59749999999999,3.30264935058804
7.60999999999999,3.29834577105662
7.62249999999999,3.29404779938566
7.63499999999999,3.28975542826777
7.64749999999999,3.28546865040503
7.65999999999999,3.28118745850904
7.67249999999999,3.2769118453009
7.68499999999999,3.2726418035112
7.69749999999999,3.26837732588
7.70999999999999,3.26411840515681
7.72249999999999,3.25986503410059
7.73499999999999,3.25561720547977
7.74749999999999,3.25137491207215
7.75999999999999,3.24713814666498
7.77249999999999,3.24290690205488
7.78499999999999,3.23868117104788
7.79749999999999,3.23446094645938
7.80999999999999,3.23024622111414
7.82249999999999,3.22603698784624
7.83499999999999,3.22183323949916
7.84749999999999,3.21763496892565
7.85999999999999,3.2134421689878
7.87249999999999,3.20925483255699
7.88499999999999,3.20507295251391
7.89749999999999,3.20089652174849
7.90999999999999,3.19672553315996
7.92249999999999,3.19255997965678
7.93499999999999,3.18839985415666
7.94749999999999,3.18424514958656
7.95999999999999,3.1800958588826
7.97249999999999,3.17595197499016
7.98499999999999,3.17181349086379
7.99749999999999,3.16768039946723
8.00999999999999,3.16355269377336
8.02249999999999,3.15943036676426
8.03499999999999,3.15531341143112
8.04749999999999,3.15120182077428
8.05999999999998,3.14709558780321
8.07249999999999,3.14299470553645
8.08499999999998,3.13889916700169
8.09749999999999,3.13480896523567
8.10999999999999,3.13072409328421
8.12249999999998,3.12664454420219
8.13499999999999,3.12257031105355
8.14749999999998,3.11850138691127
8.15999999999999,3.11443776485734
8.17249999999999,3.11037943798277
8.18499999999998,3.10632639938759
8.19749999999998,3.1022786421808
8.20999999999998,3.09823615948039
8.22249999999999,3.0941989444133
8.23499999999999,3.09016699011546
8.24749999999998,3.08614028973173
8.25999999999998,3.08211883641588
8.27249999999998,3.07810262333062
8.28499999999998,3.07409164364758
8.29749999999999,3.07008589054728
8.30999999999998,3.06608535721911
8.32249999999998,3.06209003686135
8.33499999999998,3.05809992268114
8.34749999999998,3.05411500789448
8.35999999999999,3.0501352857262
8.37249999999998,3.04616074940994
8.38499999999998,3.04219139218821
8.39749999999998,3.03822720731228
8.40999999999998,3.03426818804222
8.42249999999999,3.03031432764689
8.43499999999998,3.02636561940393
8.44749999999998,3.02242205659974
8.45999999999998,3.01848363252944
8.47249999999998,3.0145503404969
8.48499999999998,3.01062217381474
8.49749999999998,3.00669912580428
8.50999999999998,3.00278118979552
8.52249999999998,2.99886835912717
8.53499999999998,2.99496062714663
8.54749999999998,2.99105798720996
8.55999999999998,2.98716043268187
8.57249999999998,2.98326795693572
8.58499999999998,2.97938055335352
8.59749999999998,2.97549821532588
8.60999999999998,2.97162093625203
8.62249999999998,2.96774870953981
8.63499999999998,2.96388152860565
8.64749999999998,2.96001938687456
8.65999999999998,2.95616227778009
8.67249999999998,2.95231019476438
8.68499999999998,2.9484631312781
8.69749999999998,2.94462108078047
8.70999999999998,2.9407840367392
8.72249999999998,2.93695199263055
8.73499999999998,2.93312494193925
8.74749999999998,2.92930287815854
8.75999999999998,2.92548579479014
8.77249999999998,2.92167368534421
8.78499999999998,2.91786654333941
8.79749999999998,2.9140643623028
8.80999999999998,2.91026713576992
8.82249999999998,2.90647485728468
8.83499999999998,2.90268752039946
8.84749999999998,2.89890511867501
8.85999999999998,2.89512764568047
8.87249999999998,2.89135509499336
8.88499999999998,2.88758746019959
8.89749999999998,2.8838247348934
8.90999999999998,2.88006691267739
8.92249999999998,2.8763139871625
8.93499999999998,2.87256595196799
8.94749999999998,2.86882280072145
8.95999999999998,2.86508452705873
8.97249999999998,2.86135112462402
8.98499999999998,2.85762258706978
8.99749999999998,2.85389890805672
9.00999999999998,2.85018008125384
9.02249999999998,2.84646610033837
9.03499999999998,2.84275695899578
9.04749999999998,2.83905265091979
9.05999999999998,2.83535316981231
9.07249999999998,2.83165850938345
9.08499999999998,2.82796866335156
9.09749999999998,2.82428362544315
9.10999999999998,2.82060338939289
9.12249999999998,2.81692794894362
9.13499999999998,2.81325729784637
9.14749999999998,2.80959142986026
9.15999999999998,2.80593033875258
9.17249999999998,2.80227401829872
9.18499999999998,2.79862246228219
9.19749999999998,2.79497566449462
9.20999999999998,2.79133361873568
9.22249999999998,2.78769631881316
9.23499999999998,2.78406375854292
9.24749999999998,2.78043593174886
9.25999999999998,2.77681283226293
9.27249999999998,2.77319445392512
9.28499999999998,2.76958079058345
9.29749999999998,2.76597183609397
9.30999999999998,2.76236758432071
9.32249999999998,2.7587680291357
9.33499999999998,2.75517316441897
9.34749999999998,2.75158298405852
9.35999999999998,2.7479974819503
9.37249999999998,2.74441665199824
9.38499999999998,2.74084048811419
9.39749999999998,2.73726898421794
9.40999999999998,2.73370213423721
9.42249999999998,2.73013993210763
9.43499999999998,2.72658237177272
9.44749999999998,2.72302944718391
9.45999999999998,2.7194811523005
9.47249999999998,2.71593748108967
9.48499999999998,2.71239842752645
9.49749999999998,2.70886398559373
9.50999999999998,2.70533414928224
9.52249999999998,2.70180891259053
9.53499999999998,2.69828826952499
9.54749999999998,2.6947722140998
9.55999999999998,2.69126074033696
9.57249999999998,2.68775384226623
9.58499999999998,2.68425151392518
9.59749999999998,2.68075374935915
9.60999999999998,2.6772605426212
9.62249999999998,2.67377188777218
9.63499999999998,2.67028777888067
9.64749999999998,2.66680821002297
9.65999999999998,2.6633331752831
9.67249999999998,2.65986266875279
9.68499999999998,2.65639668453148
9.69749999999998,2.65293521672628
9.70999999999998,2.649478259452
9.72249999999998,2.6460258068311
9.73499999999998,2.64257785299371
9.74749999999998,2.6391343920776
9.75999999999998,2.6356954182282
9.77249999999998,2.63226092559853
9.78499999999998,2.62883090834926
9.79749999999999,2.62540536064867
9.80999999999998,2.62198427667263
9.82249999999998,2.61856765060458
9.83499999999998,2.61515547663558
9.84749999999999,2.61174774896424
9.85999999999999,2.60834446179671
9.87249999999998,2.60494560934671
9.88499999999999,2.60155118583552
9.89749999999999,2.5981611854919
9.90999999999999,2.59477560255218
9.92249999999999,2.59139443126016
9.93499999999999,2.58801766586718
9.94749999999999,2.58464530063203
9.95999999999999,2.58127732982101
9.97249999999999,2.57791374770789
9.98499999999999,2.57455454857387
9.99749999999999,2.57119972670766
10.01,2.56784927640536
10.0225,2.56450319197052
10.035,2.56116146771411
10.0475,2.55782409795454
10.06,2.55449107701758
10.0725,2.55116239923641
10.085,2.54783805895161
10.0975,2.54451805051113
10.11,2.54120236827028
10.1225,2.5378910065917
10.135,2.53458395984541
10.1475,2.53128122240878
10.16,2.52798278866645
10.1725,2.52468865301042
10.185,2.52139880984
10.1975,2.51811325356178
10.21,2.51483197858964
10.2225,2.51155497934473
10.235,2.50828225025551
10.2475,2.50501378575766
10.26,2.50174958029412
10.2725,2.49848962831508
10.285,2.49523392427796
10.2975,2.49198246264739
10.31,2.48873523789523
10.3225,2.48549224450053
10.335,2.48225347694955
10.3475,2.47901892973572
10.36,2.47578859735964
10.3725,2.47256247432909
10.385,2.46934055515901
10.3975,2.46612283437148
10.41,2.46290930649572
10.4225,2.45969996606806
10.435,2.45649480763199
10.4475,2.45329382573807
10.46,2.45009701494399
10.4725,2.44690436981451
10.485,2.44371588492148
10.4975,2.44053155484384
10.51,2.43735137416757
10.5225,2.43417533748572
10.535,2.43100343939836
10.5475,2.42783567451265
10.56,2.42467203744272
10.5725,2.42151252280974
10.585,2.4183571252419
10.5975,2.41520583937438
10.61,2.41205865984935
10.6225,2.40891558131596
10.635,2.40577659843034
10.6475,2.40264170585558
10.66,2.39951089826173
10.6725,2.39638417032575
10.685,2.39326151673159
10.6975,2.3901429321701
10.71,2.38702841133905
10.7225,2.3839179489431
10.735,2.38081153969385
10.7475,2.37770917830978
10.76,2.37461085951622
10.7725,2.3715165780454
10.785,2.36842632863642
10.7975,2.36534010603522
10.81,2.3622579049946
10.8225,2.35917972027417
10.835,2.35610554664041
10.8475,2.35303537886659
10.86,2.34996921173279
10.8725,2.34690704002591
10.885,2.34384885853964
10.8975,2.34079466207443
10.91,2.33774444543754
10.9225,2.33469820344297
10.935,2.33165593091149
10.9475,2.32861762267062
10.96,2.32558327355461
10.9725,2.32255287840444
10.985,2.31952643206784
10.9975,2.31650392939922
11.01,2.31348536525972
11.0225,2.31047073451715
11.035,2.30746003204604
11.0475,2.30445325272757
11.06,2.30145039144961
11.0725,2.29845144310667
11.085,2.29545640259993
11.0975,2.29246526483723
11.11,2.28947802473301
11.1225,2.28649467720834
11.135,2.28351521719094
11.1475,2.28053963961512
11.16,2.27756793942179
11.1725,2.27460011155844
11.185,2.27163615097917
11.1975,2.26867605264464
11.21,2.26571981152208
11.2225,2.26276742258527
11.235,2.25981888081456
11.2475,2.25687418119682
11.26,2.25393331872546
11.2725,2.25099628840041
11.285,2.24806308522812
11.2975,2.24513370422156
11.31,2.24220814040017
11.3225,2.2392863887899
11.335,2.23636844442318
11.3475,2.2334543023389
11.36,2.23054395758244
11.3725,2.2276374052056
11.385,2.22473464026666
11.3975,2.22183565783033
11.41,2.21894045296775
11.4225,2.21604902075646
11.435,2.21316135628046
11.4475,2.21027745463013
11.46,2.20739731090224
11.4725,2.20452092019995
11.485,2.20164827763282
11.4975,2.19877937831678
11.51,2.19591421737411
11.5225,2.19305278993344
11.535,2.19019509112977
11.5475,2.18734111610444
11.56,2.18449086000509
11.5725,2.18164431798571
11.585,2.1788014852066
11.5975,2.17596235683438
11.61,2.17312692804192
11.6225,2.17029519400844
11.635,2.1674671499194
11.6475,2.16464279096655
11.66,2.16182211234792
11.6725,2.15900510926775
11.685,2.15619177693659
11.6975,2.15338211057119
11.71,2.15057610539455
11.7225,2.14777375663587
11.735,2.1449750595306
11.7475,2.14218000932039
11.76,2.13938860125307
11.7725,2.13660083058269
11.785,2.13381669256946
11.7975,2.13103618247978
11.81,2.12825929558623
11.8225,2.12548602716752
11.835,2.12271637250853
11.8475,2.11995032690029
11.86,2.11718788563995
11.8725,2.1144290440308
11.885,2.11167379738224
11.8975,2.10892214100981
11.91,2.10617407023511
11.9225,2.10342958038586
11.935,2.10068866679589
11.9475,2.09795132480506
11.96,2.09521754975936
11.9725,2.09248733701078
11.985,2.08976068191743
11.9975,2.08703757984343
12.01,2.08431802615895
12.0225,2.08160201624019
12.035,2.07888954546939
12.0475,2.07618060923479
12.06,2.07347520293065
12.0725,2.07077332195721
12.085,2.06807496172075
12.0975,2.06538011763349
12.11,2.06268878511365
12.1225,2.06000095958541
12.135,2.05731663647893
12.1475,2.0546358112303
12.16,2.05195847928158
12.1725,2.04928463608075
12.185,2.04661427708174
12.1975,2.0439473977444
12.21,2.04128399353448
12.2225,2.03862405992364
12.235,2.03596759238948
12.2475,2.03331458641544
12.26,2.03066503749088
12.2725,2.02801894111102
12.285,2.02537629277695
12.2975,2.02273708799565
12.31,2.02010132227992
12.3225,2.01746899114842
12.335,2.01484009012565
12.3475,2.01221461474195
12.36,2.00959256053347
12.3725,2.00697392304218
12.385,2.00435869781587
12.3975,2.00174688040812
12.41,1.99913846637831
12.4225,1.99653345129159
12.435,1.99393183071892
12.4475,1.99133360023702
12.46,1.98873875542835
12.4725,1.98614729188115
12.485,1.98355920518941
12.4975,1.98097449095285
12.51,1.97839314477693
12.5225,1.97581516227283
12.535,1.97324053905746
12.5475,1.97066927075343
12.56,1.96810135298907
12.5725,1.96553678139839
12.585,1.96297555162109
12.5975,1.96041765930256
12.61,1.95786310009387
12.6225,1.95531186965174
12.635,1.95276396363855
12.6475,1.95021937772236
12.66,1.94767810757684
12.6725,1.94514014888132
12.685,1.94260549732075
12.6975,1.9400741485857
12.71,1.93754609837237
12.7225,1.93502134238255
12.735,1.93249987632365
12.7475,1.92998169590866
12.76,1.92746679685616
12.7725,1.9249551748903
12.785,1.92244682574082
12.7975,1.91994174514301
12.81,1.91743992883773
12.8225,1.91494137257137
12.835,1.91244607209588
12.8475,1.90995402316875
12.86,1.90746522155297
12.8725,1.90497966301708
12.885,1.90249734333513
12.8975,1.90001825828666
12.91,1.89754240365673
12.9225,1.89506977523587
12.935,1.89260036882011
12.9475,1.89013418021096
12.96,1.8876712052154
12.9725,1.88521143964586
12.985,1.88275487932024
12.9975,1.88030152006189
13.01,1.8778513576996
13.0225,1.87540438806759
13.035,1.87296060700551
13.0475,1.87052001035845
13.06,1.86808259397688
13.0725,1.8656483537167
13.085,1.8632172854392
13.0975,1.86078938501108
13.11,1.85836464830441
13.1225,1.85594307119664
13.135,1.85352464957059
13.1475,1.85110937931447
13.16,1.84869725632181
13.1725,1.8462882764915
13.185,1.84388243572781
13.1975,1.8414797299403
13.21,1.8390801550439
13.2225,1.83668370695881
13.235,1.83429038161061
13.2475,1.83190017493015
13.26,1.82951308285359
13.2725,1.82712910132238
13.285,1.82474822628327
13.2975,1.8223704536883
13.31,1.81999577949475
13.3225,1.8176241996652
13.335,1.81525571016748
13.3475,1.81289030697468
13.36,1.81052798606513
13.3725,1.80816874342239
13.385,1.80581257503528
13.3975,1.80345947689783
13.41,1.80110944500929
13.4225,1.79876247537413
13.435,1.79641856400202
13.4475,1.79407770690784
13.46,1.79173990011165
13.4725,1.7894051396387
13.485,1.78707342151942
13.4975,1.78474474178942
13.51,1.78241909648947
13.5225,1.78009648166548
13.535,1.77777689336856
13.5475,1.77546032765492
13.56,1.77314678058593
13.5725,1.77083624822808
13.585,1.768528726653
13.5975,1.76622421193744
13.61,1.76392270016325
13.6225,1.76162418741739
13.635,1.75932866979191
13.6475,1.75703614338397
13.66,1.75474660429582
13.6725,1.75246004863475
13.685,1.75017647251317
13.6975,1.74789587204853
13.71,1.74561824336334
13.7225,1.74334358258517
13.735,1.74107188584663
13.7475,1.73880314928538
13.76,1.7365373690441
13.7725,1.73427454127049
13.785,1.7320146621173
13.7975,1.72975772774227
13.81,1.72750373430814
13.8225,1.72525267798267
13.835,1.72300455493861
13.8475,1.72075936135369
13.86,1.71851709341062
13.8725,1.71627774729708
13.885,1.71404131920573
13.8975,1.71180780533419
13.91,1.70957720188504
13.9225,1.70734950506578
13.935,1.70512471108888
13.9475,1.70290281617173
13.96,1.70068381653667
13.9725,1.69846770841094
13.985,1.6962544880267
13.9975,1.69404415162103
14.01,1.69183669543591
14.0225,1.6896321157182
14.035,1.68743040871968
14.0475,1.68523157069699
14.06,1.68303559791166
14.0725,1.68084248663009
14.085,1.67865223312354
14.0975,1.67646483366814
14.11,1.67428028454486
14.1225,1.67209858203952
14.135,1.66991972244277
14.1475,1.66774370205013
14.16,1.6655705171619
14.1725,1.66340016408323
14.185,1.66123263912408
14.1975,1.65906793859921
14.21,1.65690605882819
14.2225,1.65474699613538
14.235,1.65259074684994
14.2475,1.65043730730581
14.26,1.64828667384169
14.2725,1.64613884280106
14.285,1.64399381053219
14.2975,1.64185157338808
14.31,1.63971212772649
14.3225,1.63757546990992
14.335,1.63544159630562
14.3475,1.63331050328557
14.36,1.63118218722648
14.3725,1.62905664450977
14.385,1.62693387152159
14.3975000000001,1.6248138646528
14.41,1.62269662029894
14.4225,1.62058213486027
14.4350000000001,1.61847040474174
14.4475000000001,1.61636142635297
14.4600000000001,1.61425519610827
14.47,1.61257218816964
14.48,1.61089093491994
14.49,1.60921143452974
14.5,1.60753368517154
