0,0
0.000959867909762559,0.410086152584472
0.00191973581952512,0.792789073920587
0.00287960372928768,1.14992217128771
0.00383947163905024,1.48318852896424
0.0047993395488128,1.79417823686923
0.00575920745857535,2.08436165475949
0.00671907536833791,2.35511665956755
0.00767894327810047,2.60773730175688
0.00868811052742888,2.85510173830463
0.00969727777675728,3.0850521605577
0.0107064450260857,3.29879858896483
0.0117156122754141,3.49747429498965
0.0128450063642623,3.70324663780333
0.0139744004531106,3.89281679919329
0.0151037945419588,4.06743840744715
0.0162331886308071,4.22827800580387
0.0173654803564674,4.37677627706775
0.0184977720821277,4.51348915168622
0.0196300638077879,4.63933077051098
0.0207623555334482,4.75515164389238
0.021894575259322,4.86172966079619
0.0230267949851957,4.95978533685149
0.0241590147110695,5.04997970245414
0.0252912344369432,5.13292777802244
0.0264234559516893,5.20919688861333
0.0275556774664353,5.27930247236733
0.0286878989811814,5.34372263059842
0.0298201204959274,5.40290218707864
0.0309523419662282,5.45725138345659
0.0320845634365289,5.50714311826892
0.0332167849068297,5.55292318446779
0.0343490063771304,5.59491330658091
0.0354812278485361,5.63341019867
0.0366134493199418,5.66868356261758
0.0377456707913474,5.70098349762407
0.0388778922627531,5.73054269507933
0.0400101137341306,5.75757575719178
0.0411423352055082,5.782277749307
0.0422745566768858,5.80482955883635
0.0434067781482634,5.82539948275896
0.0445389996196415,5.8441427348116
0.0456712210910196,5.86120039843216
0.0468034425623976,5.87670330267824
0.0479356640337757,5.89077317040865
0.0490678855051541,5.90352226185188
0.0502001069765324,5.91505261730845
0.0513323284479108,5.92545886046097
0.0524645499192891,5.93482902881182
0.0535967713906673,5.94324431588925
0.0547289928620454,5.95077852352169
0.0558612143334236,5.95750008936937
0.0569934358048017,5.96347268754946
0.0581256572761803,5.9687550421832
0.0592578787475589,5.97340053124595
0.0603901002189375,5.9774586530066
0.0615223216903161,5.98097546043776
0.062654543161694,5.98399342636123
0.0637867646330719,5.98655115692724
0.0649189861044497,5.98868445223638
0.0660512075758276,5.99042662053264
0.0671877581837904,5.99181301021513
0.0683243087917532,5.99286446870606
0.0694608593997161,5.99360717408223
0.0705974100076789,5.99406547680693
0.0718099280974498,5.99426614429071
0.0730224461872207,5.99419335517545
0.0742349642769916,5.99386987387922
0.0754474823667626,5.99331679391809
0.0767393375288326,5.99249663115124
0.0780311926909026,5.99145880867673
0.0793230478529727,5.99022261147333
0.0806149030150427,5.98880584045126
0.0819971890754736,5.98710829860569
0.0833794751359044,5.98524029785683
0.0847617611963352,5.98321799332638
0.0861440472567661,5.98105623547838
0.0876294756729674,5.97859308211441
0.0891149040891687,5.97599912443087
0.0906003325053701,5.9732877001865
0.0920857609215714,5.97047101671375
0.0936898811634328,5.96732370610743
0.0952940014052942,5.96407846225916
0.0968981216471556,5.96074611363991
0.098502241889017,5.95733652639992
0.100244226884293,5.95355666785511
0.10198621187957,5.9497057381921
0.103728196874846,5.94579235660273
0.105470181870123,5.94182434111647
0.107374015847445,5.93743330724697
0.109277849824767,5.93299282117887
0.111181683802089,5.92850958370719
0.113085517779411,5.92398964768634
0.115181685037235,5.91897695798322
0.117277852295059,5.9139319534059
0.119374019552883,5.90885969654217
0.121470186810707,5.90376474616392
0.123798147856855,5.89808457252675
0.126126108903002,5.89238550358086
0.128454069949149,5.88667123130666
0.130782030995296,5.88094507753456
0.133393955374995,5.87450979684055
0.136005879754694,5.86806610216583
0.138617804134393,5.86161656754833
0.141229728514092,5.85516351849425
0.144196308128483,5.8478324454979
0.147162887742874,5.84050132444524
0.150129467357266,5.8331718462376
0.153096046971657,5.82584556098361
0.156515896105424,5.81740548433893
0.15993574523919,5.80897253411561
0.163355594372957,5.80054773132042
0.166775443506723,5.79213204796439
0.170790974921711,5.78226316589935
0.174806506336699,5.77240854393483
0.178822037751687,5.76256871999871
0.182837569166675,5.75274425666278
0.187663172433665,5.74095878019974
0.192488775700654,5.72919632193685
0.197314378967644,5.71745709016888
0.202139982234634,5.70574137120413
0.208114691560419,5.69126869732074
0.214089400886205,5.67683230957725
0.220064110211991,5.66243219476448
0.226038819537777,5.64806844964172
0.233727415655682,5.6296379415955
0.241416011773587,5.61126743557932
0.249104607891492,5.59295673170355
0.256793204009397,5.57470575457873
0.267143444771574,5.5502307560644
0.277493685533751,5.52586314982749
0.287843926295927,5.50160242323999
0.298194167058104,5.47744822595349
0.310694167058104,5.44841866569515
0.323194167058104,5.41954288144687
0.335694167058104,5.39081997423913
0.348194167058104,5.36224933952495
0.360694167058104,5.33383038943305
0.373194167058104,5.30556193147165
0.385694167058104,5.27744303162297
0.398194167058104,5.24947323139329
0.410694167058104,5.22165209660369
0.423194167058104,5.19397820806371
0.435694167058104,5.16645056374733
0.448194167058104,5.13906893141795
0.460694167058104,5.11183311562218
0.473194167058104,5.08474131799252
0.485694167058104,5.05779241518278
0.498194167058104,5.03098653173951
0.509687637990891,5.00646537386186
0.521181108923677,4.98206338034495
0.532674579856463,4.95777964360577
0.54416805078925,4.93361442488815
0.55475170242048,4.9114669961436
0.565335354051711,4.88941874943401
0.575919005682941,4.86746906646064
0.586502657314171,4.84561798853143
0.597301577384658,4.82342400991015
0.608100497455145,4.80133152946984
0.618899417525631,4.77933996239388
0.629698337596118,4.7574491731111
0.641636326232976,4.73336640352727
0.653574314869835,4.7094053814854
0.665512303506693,4.68556532620232
0.677450292143551,4.6618460365854
0.689950292143551,4.63713931490896
0.702450292143551,4.61256328463421
0.714950292143551,4.58811697772685
0.727450292143551,4.56380038114147
0.739576897797211,4.54033410526855
0.751703503450872,4.51698814175678
0.763830109104532,4.49376150845132
0.775956714758192,4.47065449334961
0.787020832342733,4.44967651313716
0.798084949927274,4.42879666315673
0.809149067511815,4.40801422727429
0.820213185096356,4.38732942621631
0.83080458712025,4.36761990010202
0.841395989144144,4.34799871965645
0.851987391168037,4.32846534547696
0.862578793191931,4.30901978109836
0.87381642679302,4.28848365931704
0.885054060394109,4.26804525838793
0.896291693995198,4.24770398062754
0.907529327596287,4.22745970782776
0.919862210545425,4.20535384966345
0.932195093494563,4.18336338766135
0.944527976443701,4.16148750443482
0.95686085939284,4.13972612753141
0.96936085939284,4.11778666929257
0.98186085939284,4.09596316819847
0.99436085939284,4.07425465940323
1.00686085939284,4.05266139137722
1.01841781709265,4.03279987952115
1.02997477479246,4.0130353545281
1.04153173249227,3.99336701053543
1.05308869019208,3.9737952199928
1.06372086778126,3.95587498580499
1.07435304537044,3.93803531913508
1.08498522295962,3.92027567645432
1.0956174005488,3.90259619747947
1.10639570481869,3.88475556685394
1.11717400908858,3.86699633546719
1.12795231335847,3.84931800913637
1.13873061762836,3.83172055122633
1.15059649233521,3.81244085349285
1.16246236704206,3.79325800258055
1.17432824174891,3.77417135018344
1.18619411645577,3.75518081624006
1.19869411645577,3.73527928176828
1.21119411645577,3.7154829760081
1.22369411645577,3.69579107038042
1.23619411645577,3.67620367501146
1.24836081468404,3.65723903867949
1.26052751291231,3.63837188919301
1.27269421114058,3.61960135784053
1.28486090936885,3.60092785197995
1.29595519600218,3.58398509416438
1.30704948263551,3.56712174273842
1.31814376926884,3.55033716226093
1.32923805590217,3.53363167435554
1.33981627566063,3.5177770630684
1.35039449541909,3.50199338796458
1.36097271517756,3.48628018672232
1.37155093493602,3.47063754609055
1.38274578070021,3.45415990243037
1.3939406264644,3.43776033957625
1.40513547222859,3.42143835675822
1.41633031799278,3.40519392655019
1.42863895536516,3.38742275653295
1.44094759273754,3.3697441374453
1.45325623010992,3.35215737721838
1.4655648674823,3.33466251148553
1.47417365061173,3.32248099881715
1.48278243374115,3.31034391276997
1.49139121687058,3.29825107480914
1.5,3.28620240925518
1.5,3.28620240925518
1.50109967096929,3.57684735687338
1.50219934193857,3.84524983890001
1.50329901290786,4.09308763705139
1.50439868387715,4.32192442469506
1.50549835484643,4.53320566125272
1.50659802581572,4.72824961824306
1.507697696785,4.90828112890423
1.50879736775429,5.07444172378987
1.50993039880354,5.2322490462232
1.51106342985279,5.37750241503298
1.51219646090204,5.51117620004092
1.51332949195129,5.6341769133275
1.51446169330876,5.74726108336848
1.51559389466624,5.85128075846095
1.51672609602371,5.94693902029699
1.51785829738119,6.03489001429814
1.51899051935231,6.11573844508105
1.52012274132343,6.1900310452467
1.52125496329455,6.25827635735488
1.52238718526567,6.3209475275894
1.52351940672463,6.37848089535766
1.52465162818359,6.43127312852245
1.52578384964255,6.47969203655811
1.52691607110152,6.52407982808181
1.5280482925732,6.56475210923139
1.52918051404489,6.6019957532386
1.53031273551657,6.63607678302786
1.53144495698826,6.66724270535974
1.53257717845963,6.69572178607041
1.533709399931,6.72172151023828
1.53484162140237,6.74543428229189
1.53597384287375,6.76703911459622
1.53710606434512,6.78670110326539
1.5382382858165,6.80457031444006
1.53937050728787,6.82078590698543
1.54050272875925,6.83547735377732
1.54163495023063,6.84876406257669
1.542767171702,6.86075457051487
1.54389939317338,6.87154952589011
1.54503161464476,6.88124257147909
1.54616383611614,6.88992007032937
1.54729605758752,6.89766052316003
1.5484282790589,6.90453672498598
1.54956050053027,6.91061640398486
1.55069272200165,6.91596202317273
1.55182494347302,6.92063035903132
1.5529571649444,6.92467406131545
1.55408938641577,6.92814211512207
1.55522160788716,6.93107969744954
1.55635382935854,6.93352787243413
1.55748605082992,6.93552471950166
1.5586182723013,6.93710566756514
1.55975049377268,6.93830339127933
1.56088271524405,6.93914759061649
1.56201493671543,6.93966580681712
1.5631471581868,6.93988366410289
1.56434491350431,6.93981339410109
1.56554266882181,6.93945879287795
1.56674042413932,6.93884326858549
1.56793817945682,6.93798852720466
1.56921428065708,6.93683706129046
1.57049038185733,6.93545835504071
1.57176648305758,6.93387232400897
1.57304258425784,6.93209736488592
1.5744068884968,6.9300097432173
1.57577119273576,6.92774366719685
1.57713549697472,6.92531585868969
1.57849980121369,6.92274170140243
1.57996465386117,6.91983081057476
1.58142950650866,6.91678253369826
1.58289435915615,6.91361071658157
1.58435921180364,6.91032804214705
1.58593957119648,6.90667534450339
1.58751993058933,6.90291941212333
1.58910028998218,6.89907152386478
1.59068064937502,6.89514196502133
1.592394925613,6.89079775237339
1.59410920185098,6.88637831646975
1.59582347808895,6.88189267080945
1.59753775432693,6.87734899786858
1.59940891199715,6.87233178805839
1.60128006966737,6.86726199897535
1.60315122733759,6.86214667144582
1.60502238500782,6.85699217007736
1.60707952001018,6.85128678484146
1.60913665501255,6.84554686643589
1.61119379001492,6.83977776531211
1.61325092501729,6.83398430164357
1.61553156339223,6.82753795585536
1.61781220176718,6.82107129921357
1.62009284014213,6.8145882618669
1.62237347851707,6.80809237944189
1.62492702272564,6.80080765537429
1.6274805669342,6.79351381180459
1.63003411114276,6.78621361415503
1.63258765535133,6.77890955735258
1.63548071655135,6.77063232665804
1.63837377775137,6.7623549771221
1.64126683895139,6.7540793476837
1.64415990015141,6.7458071172991
1.64748485570912,6.73630593298118
1.65080981126683,6.72681238659628
1.65413476682455,6.71732760790154
1.65745972238226,6.70785266164783
1.66134904369312,6.6967830838417
1.66523836500398,6.68572883647365
1.66912768631484,6.67469053172148
1.67301700762569,6.66366879399954
1.67766844315198,6.65050976201288
1.68231987867826,6.63737538600291
1.68697131420454,6.62426591966767
1.69162274973083,6.61118168628531
1.69734595677618,6.59511757718477
1.70306916382154,6.57909198481557
1.70879237086689,6.56310491942542
1.71451557791225,6.54715649682914
1.72182169067143,6.52685334823407
1.7291278034306,6.50661298851477
1.73643391618978,6.48643522923366
1.74374002894896,6.46632000440334
1.7534948925086,6.43956016366719
1.76324975606824,6.41291099765211
1.77300461962788,6.38637201420609
1.78275948318752,6.35994286829459
1.79525948318752,6.32623621270874
1.80775948318752,6.29270812262924
1.82025948318752,6.25935756943446
1.83275948318752,6.22618381365057
1.84525948318752,6.19318613291756
1.85775948318752,6.16036321347476
1.87025948318752,6.1277139954889
1.88275948318752,6.09523788563432
1.89525948318752,6.06293431516467
1.90775948318752,6.03080175135023
1.92025948318752,5.99883907079867
1.93275948318752,5.96704590482126
1.94525948318752,5.93542192150451
1.95775948318752,5.9039652197434
1.97025948318752,5.87267456030699
1.98275948318752,5.84154992692082
1.98706961239064,5.83085634185044
1.99137974159376,5.82018230283193
1.99568987079688,5.80952778077344
2,5.79889274742051
2,5.79889274742051
2.00109967096929,6.08836332298048
2.00219934193857,6.35559198145316
2.00329901290786,6.60225650432668
2.00439868387714,6.82992056473816
2.00549835484643,7.04002962187748
2.00659802581572,7.23390194702945
2.007697696785,7.41276237319649
2.00879736775429,7.57775243069565
2.00993039880353,7.73435427783224
2.01106342985278,7.87840275163643
2.01219646090202,8.01087222166668
2.01332949195126,8.1326691997393
2.01446169330873,8.24455109489559
2.01559389466621,8.34736907348765
2.01672609602368,8.44182621694103
2.01785829738115,8.52857667040999
2.01899051935227,8.60822511640108
2.02012274132339,8.68131830910964
2.0212549632945,8.74836479082615
2.02238718526562,8.80983770746464
2.02351940672458,8.86617339870411
2.02465162818354,8.91776853159409
2.02578384964251,8.96499091533781
2.02691607110147,9.00818275828097
2.02804829257316,9.04765966627645
2.02918051404486,9.08370851229707
2.03031273551655,9.11659531899493
2.03144495698825,9.14656759285809
2.03257717845961,9.17385359945008
2.03370939993098,9.19866082357641
2.03484162140235,9.22118166939257
2.03597384287372,9.2415951489904
2.0371060643451,9.26006635821095
2.03823828581648,9.27674536292134
2.03937050728786,9.2917713217134
2.04050272875924,9.3052737071895
2.04163495023062,9.31737192683713
2.04276717170201,9.32817451751413
2.04389939317339,9.33778212724522
2.04503161464477,9.34628839853359
2.04616383611615,9.35377969415328
2.04729605758753,9.36033451454991
2.04842827905891,9.36602565446493
2.04956050053029,9.37092084180257
2.05069272200168,9.37508253930553
2.05182494347306,9.37856752318222
2.05295716494444,9.38142844291417
2.05408938641583,9.38371428332512
2.05522160788721,9.38547022114032
2.05635382935859,9.38673732022298
2.05748605082997,9.38755365972593
2.05861827230135,9.3879546682893
2.05975049377273,9.38797302029503
2.0608827152441,9.38763841544265
2.06201493671548,9.38697839470001
2.06314715818685,9.38601858201628
2.06434491350033,9.38470309445638
2.0655426688138,9.38310390955663
2.06674042412728,9.38124443514652
2.06793817944075,9.37914637688466
2.06921428063684,9.37667096435727
2.07049038183292,9.37396902952581
2.071766483029,9.37106048755459
2.07304258422508,9.36796373474523
2.07440688845926,9.36446375101676
2.07577119269344,9.36078613184885
2.07713549692762,9.35694759863197
2.0784998011618,9.35296353459833
2.07996465380384,9.34853973780821
2.08142950644587,9.34397949680917
2.0828943590879,9.33929665682368
2.08435921172993,9.33450390018825
2.08593957111647,9.32922310133223
2.08751993050302,9.32384016118767
2.08910028988956,9.3183663578782
2.09068064927611,9.31281197596367
2.09239492550674,9.30670648947477
2.09410920173737,9.30052706281784
2.09582347796801,9.29428270855727
2.09753775419864,9.28798160823524
2.09940891186021,9.28104760201306
2.10128006952179,9.27406254064331
2.10315122718337,9.26703346374058
2.10502238484494,9.25996673470155
2.10707951983699,9.25216081709652
2.10913665482905,9.24432220247708
2.1111937898211,9.23645623968975
2.11325092481315,9.22856774730437
2.11553156317561,9.21980089290203
2.11781220153807,9.21101597637079
2.12009283990052,9.20221692568024
2.12237347826298,9.19340727427995
2.12492702245617,9.18353457153574
2.12748056664935,9.17365555715043
2.13003411084254,9.1637729934999
2.13258765503572,9.15388937246803
2.13548071621642,9.14269298244355
2.13837377739711,9.13150006160419
2.14126683857781,9.12031244447876
2.1441598997585,9.10913180561884
2.14748485529134,9.09629244222334
2.15080981082417,9.08346543191454
2.154134766357,9.07065189778951
2.15745972188983,9.05785289794842
2.1613490431677,9.04290101169393
2.16523836444557,9.02797086962949
2.16912768572344,9.01306307333711
2.17301700700131,8.99817823665285
2.17766844248225,8.98040750926641
2.18231987796319,8.96267054800803
2.18697131344412,8.94496758857915
2.19162274892506,8.92729893629686
2.19734595590524,8.90560650347975
2.20306916288542,8.88396626460652
2.20879236986561,8.86237819668838
2.21451557684579,8.84084238238425
2.22182168950633,8.81342622534996
2.22912780216687,8.78609491552545
2.23643391482742,8.75884819606764
2.24374002748796,8.73168593279521
2.25349489089361,8.6955511917791
2.26324975429927,8.65956592219921
2.27300461770492,8.62372947134944
2.28275948111058,8.58804133430337
2.29525948111058,8.54252608172751
2.30775948111058,8.49725197850226
2.32025948111058,8.45221766432319
2.33275948111058,8.40742206978385
2.34525948111058,8.36286414434047
2.35775948111058,8.31854224780063
2.37025948111058,8.27445499562409
2.38275948111058,8.23060147149148
2.39525948111058,8.18698078537492
2.40775948111058,8.14359108497829
2.42025948111058,8.10043092903131
2.43275948111058,8.05749963264464
2.44525948111058,8.01479654938023
2.45775948111058,7.97231946528763
2.47025948111058,7.93006682994342
2.48275948111058,7.88803831752268
2.49430082971608,7.84943172282539
2.50584217832159,7.81101372945764
2.51738352692709,7.77278308472787
2.5289248755326,7.73473971397853
2.53954512963552,7.69989774617342
2.55016538373843,7.665212483624
2.56078563784135,7.63068304201216
2.57140589194427,7.59630921582836
2.58218927208747,7.56156628570604
2.59297265223066,7.52698210004069
2.60375603237386,7.49255581125064
2.61453941251706,7.45828702875509
2.62642298360101,7.42070381914356
2.63830655468496,7.38330983458118
2.6501901257689,7.34610395968239
2.66207369685285,7.30908565228345
2.67457369685285,7.27034894190509
2.68707369685285,7.23181728292628
2.69957369685285,7.19348931662604
2.71207369685285,7.15536462958061
2.7242305365535,7.1184811723016
2.73638737625415,7.08178748952839
2.74854421595479,7.04528223779868
2.76070105565544,7.0089653505573
2.77178792668045,6.97600890532832
2.78287479770546,6.94320711273856
2.79396166873046,6.91055898530597
2.80504853975547,6.87806448916469
2.81563000036933,6.84719439839946
2.82621146098319,6.8164626594505
2.83679292159705,6.7858685076987
2.84737438221092,6.7554117273485
2.8585797305862,6.72330861485107
2.86978507896148,6.69135791227647
2.88099042733676,6.65955876481491
2.89219577571204,6.6279107940642
2.90451037001354,6.59330379241338
2.91682496431504,6.55887729297374
2.92913955861655,6.52463014301827
2.94145415291805,6.49056192395439
2.95395415291805,6.45616337075983
2.96645415291805,6.42194681134672
2.97895415291805,6.38791093665387
2.99145415291805,6.35405563286251
3.00304954174552,6.32281169241399
3.01464493057299,6.29172103249439
3.02624031940046,6.26078256658345
3.03783570822793,6.22999639390345
3.04849722241149,6.20182401059538
3.05915873659505,6.17377877509612
3.06982025077861,6.1458599277991
3.08048176496218,6.11806740821012
3.09124755371259,6.09013105461527
3.102013342463,6.06232210303176
3.11277913121341,6.03463984834244
3.12354491996382,6.00708404928809
3.13536732144424,5.97696909986994
3.14718972292466,5.94700496370388
3.15901212440509,5.91719072579758
3.17083452588551,5.88752603429734
3.18333452588551,5.85632337735673
3.19583452588551,5.82528584587521
3.20833452588551,5.79441229651789
3.22083452588551,5.76370251705199
3.23302549545071,5.73390951181798
3.24521646501592,5.70427016181404
3.25740743458112,5.67478330561469
3.26959840414632,5.64544906331043
3.28071094001547,5.61884272962553
3.29182347588462,5.59236147434002
3.30293601175377,5.56600444236595
3.31404854762291,5.53977174936368
3.32461879037066,5.51493454815321
3.33518903311841,5.49020850116844
3.34575927586616,5.4655929650815
3.35632951861391,5.44108785039702
3.36749855947581,5.41531430896501
3.37866760033772,5.38966270234042
3.38983664119962,5.36413232401542
3.40100568206153,5.33872293839837
3.4132996674292,5.31089389141531
3.42559365279687,5.28320971658345
3.43788763816454,5.25566945258294
3.45018162353221,5.22827285736226
3.46268162353221,5.20056424330607
3.47518162353221,5.17300217313227
3.48768162353221,5.14558553203528
3.50018162353221,5.11831437742918
3.51182042506453,5.0930528933224
3.52345922659685,5.06791573689954
3.53509802812916,5.04290195916669
3.54673682966148,5.01801180305586
3.55743144866682,4.99524986877705
3.56812606767216,4.97259093025425
3.5788206866775,4.95003433053715
3.58951530568284,4.92758012850342
3.60026692823593,4.90510938251354
3.61101855078901,4.88274094381029
3.6217701733421,4.86047422098932
3.63252179589518,4.83830909209864
3.64429525960387,4.81415369379127
3.65606872331256,4.79011873267053
3.66784218702125,4.76620345084926
3.67961565072994,4.74240764560029
3.69211565072994,4.71727394498962
3.70461565072994,4.69227320797863
3.71711565072994,4.66740446467891
3.72961565072994,4.64266766506012
3.7418340278466,4.61861566305134
3.75405240496325,4.59468791890078
3.76627078207991,4.57088342015545
3.77848915919656,4.54720243956799
3.78962228918631,4.52573249632566
3.80075541917605,4.50436360746508
3.8118885491658,4.48309502591535
3.82302167915554,4.46192698931192
3.83358291768633,4.44193930845328
3.84414415621712,4.42204096073878
3.8547053947479,4.40223139996122
3.86526663327869,4.38251063780432
3.87640662444276,4.36180531709986
3.88754661560683,4.34119766951986
3.8986866067709,4.32068710595948
3.90982659793496,4.30027350386907
3.9221040616574,4.27788766045751
3.93438152537984,4.25561816136098
3.94665898910228,4.23346419801148
3.95893645282471,4.21142566939726
3.97143645282471,4.18910619019413
3.98393645282471,4.16690469781376
3.99643645282471,4.14482023381954
4.00893645282471,4.12285299384818
4.02061013540668,4.10244389237682
4.03228381798865,4.08213547059484
4.04395750057061,4.06192689269083
4.05563118315258,4.04181851974122
4.06635237464209,4.02343928217534
4.0770735661316,4.00514336309598
4.08779475762112,3.98693018967793
4.09851594911063,3.96879991862035
4.10925617014931,3.95072060829989
4.11999639118798,3.93272348977722
4.13073661222666,3.91480806256981
4.14147683326533,3.89697430019791
4.15321111189339,3.87758318510719
4.16494539052145,3.8582884003983
4.17667966914951,3.83908931199097
4.18841394777758,3.81998583463275
4.20091394777758,3.79974083182159
4.21341394777758,3.77960288538558
4.22591394777758,3.75957116511528
4.23841394777758,3.73964575172888
4.25065433157448,3.72023728374986
4.26289471537139,3.7009291972619
4.2751350991683,3.68172060133515
4.2873754829652,3.66261189320001
4.29852513873787,3.64529310467184
4.30967479451054,3.62805588838883
4.32082445028321,3.61089958518263
4.33197410605588,3.5938245319288
4.34252811776704,3.57773667234385
4.35308212947819,3.56172062501758
4.36363614118934,3.54577592160009
4.37419015290049,3.52990265491406
4.38530688797801,3.51326029167611
4.39642362305553,3.49669624228407
4.40754035813305,3.48021001088784
4.41865709321058,3.46380156472191
4.43092130924755,3.44578958597737
4.44318552528453,3.42787108341714
4.45544974132151,3.41004537059582
4.46771395735849,3.39231245936308
4.48021395735849,3.37433415522426
4.49271395735849,3.35645083392463
4.50521395735849,3.33866166291349
4.51771395735849,3.32096694935933
4.52941565753586,3.30448812321744
4.54111735771323,3.28809071602044
4.5528190578906,3.2717739846979
4.56452075806798,3.25553838704815
4.57526327642825,3.24070528473129
4.58600579478851,3.22593950634429
4.59674831314878,3.21124054776215
4.60749083150905,3.19660864555928
4.61822188341962,3.18205940571608
4.62895293533019,3.16757621844556
4.63968398724076,3.15315865606709
4.65041503915133,3.13880676859355
4.66211793258762,3.12322997050718
4.67382082602392,3.10773031647427
4.68552371946021,3.09230727038977
4.6972266128965,3.07696083994051
4.7097266128965,3.0606537586375
4.7222266128965,3.04443286501748
4.7347266128965,3.02829744135939
4.7472266128965,3.01224767376364
4.75948465966038,2.99659194846515
4.77174270642425,2.98101724464134
4.78400075318813,2.9655227702426
4.796258799952,2.95010902374537
4.80742171312085,2.93614288852783
4.8185846262897,2.9222425480242
4.82974753945854,2.90840741445532
4.84091045262739,2.89463790526994
4.85145866611003,2.88168714949766
4.86200687959267,2.8687941291799
4.87255509307531,2.85595843844006
4.88310330655795,2.84318023522268
4.89420142062843,2.82979799787016
4.9052995346989,2.81647859847647
4.91639764876937,2.80322161546562
4.92749576283984,2.79002708758016
4.93974935785702,2.77553136339601
4.95200295287419,2.76111076685114
4.96425654789136,2.74676470927579
4.97651014290853,2.7324932929526
4.98901014290853,2.7180119298178
5.00151014290853,2.70360701910664
5.01401014290853,2.68927782962154
5.02651014290853,2.67502475850043
5.03823433593655,2.66172579045532
5.04995852896458,2.64849258893531
5.0616827219926,2.63532448659959
5.07340691502062,2.62222202016849
5.08416654389324,2.610255578755
5.09492617276586,2.59834348397448
5.10568580163848,2.58648528765266
5.1164454305111,2.57468129139902
5.12716911491272,2.56297081523289
5.13789279931435,2.55131343290972
5.14861648371597,2.53970877510945
5.1593401681176,2.52815695319124
5.17101792401093,2.51563752804741
5.18269567990427,2.50317994133939
5.19437343579761,2.49078373475867
5.20605119169094,2.47844898977768
5.21855119169094,2.46531393192348
5.23105119169094,2.45224825185771
5.24355119169094,2.43925132245154
5.25605119169094,2.42632341473582
5.26832340767449,2.41369851230993
5.28059562365803,2.40113895421291
5.29286783964158,2.38864402868933
5.30514005562512,2.37621431640327
5.31631359968788,2.36495447919735
5.32748714375063,2.35374767314007
5.33866068781339,2.34259336833762
5.34983423187615,2.33149204754557
5.36037779550245,2.32106549433086
5.37092135912875,2.31068536121921
5.38146492275505,2.3003512925012
5.39200848638135,2.29006349842235
5.40309169160444,2.27929915686104
5.41417489682753,2.26858526343688
5.42525810205062,2.25792145585979
5.43634130727371,2.24730782995149
5.44858638975446,2.23563997534031
5.46083147223522,2.22403251500421
5.47307655471597,2.21248493864661
5.48532163719673,2.20099742109015
5.49782163719673,2.18933290510905
5.51032163719673,2.17772991494485
5.52282163719673,2.16618780100579
5.53532163719673,2.15470703299048
5.54706387688055,2.14397850015759
5.55880611656437,2.13330303638233
5.57054835624819,2.12268003599354
5.58229059593201,2.11211009993982
5.59306394601897,2.1024593663427
5.60383729610593,2.09285246550349
5.61461064619289,2.08328899471695
5.62538399627985,2.07376930842333
5.63610176573456,2.06434238965905
5.64681953518927,2.05495815336761
5.65753730464398,2.04561627705696
5.66825507409869,2.03631692132411
5.67991269988233,2.02625047528534
5.69157032566597,2.01623363490938
5.70322795144962,2.00626600383149
5.71488557723326,1.99634772227006
5.72738557723326,1.98576772917477
5.73988557723326,1.9752435734866
5.75238557723326,1.96477470103568
5.76488557723326,1.95436145129658
5.7771691535397,1.94418302654785
5.78945272984614,1.93405726472165
5.80173630615258,1.92398351915926
5.81401988245902,1.91396243713634
5.82520194726918,1.90488621520676
5.83638401207933,1.89585270799668
5.84756607688949,1.88686143248828
5.85874814169965,1.8779129242982
5.86928797825258,1.86951783406975
5.87982781480551,1.86116006468577
5.89036765135844,1.85283930074669
5.90090748791137,1.84455579452429
5.91197875844785,1.83589490496912
5.92305002898434,1.82727453254947
5.93412129952083,1.81869436238092
5.94519257005731,1.81015453592906
5.95743083244875,1.80076162400757
5.96966909484019,1.79141726865616
5.98190735723163,1.78212102245755
5.99414561962307,1.77287311847291
6.00664561962307,1.76347759611168
6.01914561962307,1.75413157603908
6.03164561962307,1.74483447437193
6.04414561962307,1.73558681932029
6.05590232997608,1.72693461845492
6.0676590403291,1.71832520090647
6.07941575068212,1.70975801111457
6.09117246103513,1.70123370218815
6.10195680892533,1.69345253248492
6.11274115681553,1.68570668738294
6.12352550470572,1.67799580106459
6.13430985259592,1.67032027080783
6.14502287690887,1.66273075877328
6.15573590122182,1.65517556030864
6.16644892553477,1.64765439052495
6.17716194984771,1.64016744956369
6.18880345936472,1.63207058233442
6.20044496888173,1.62401352906126
6.21208647839875,1.61599594281079
6.22372798791576,1.6080180106812
6.23622798791576,1.59949610710844
6.24872798791576,1.59101913423699
6.26122798791576,1.58258659665533
6.27372798791576,1.57419888899301
6.28602066773914,1.56599441651596
6.29831334756252,1.55783235755375
6.31060602738591,1.5497121181555
6.32289870720929,1.54163439951611
6.33408759833865,1.53431945232443
6.34527648946801,1.52703888714705
6.35646538059736,1.51979225888814
6.36765427172672,1.51258014590451
6.37819112228058,1.50582023560968
6.38872797283443,1.49909032661413
6.39926482338829,1.49239013592372
6.40980167394215,1.48571994959451
6.42086339269795,1.47874998340096
6.43192511145376,1.47181256653383
6.44298683020956,1.46490742206859
6.45404854896536,1.45803472802349
6.46628134929815,1.45047239210661
6.47851414963094,1.44294909692748
6.49074694996372,1.43546444555503
6.50297975029651,1.42801871784035
6.51547975029651,1.42045087132269
6.52797975029651,1.41292284211677
6.54047975029651,1.40543409924909
6.55297975029651,1.39798521810674
6.56474805747586,1.3910092701223
6.57651636465521,1.38406778282737
6.58828467183457,1.37716024130936
6.60005297901392,1.37028734096577
6.61084613766668,1.36401484706131
6.62163929631943,1.35777079910304
6.63243245497219,1.35155486115828
6.64322561362494,1.34536746518857
6.65393483381233,1.33925668040431
6.66464405399971,1.3331734793741
6.67535327418709,1.32711760742309
6.68606249437447,1.32108929646839
6.69769110449117,1.31457485146837
6.70931971460788,1.30809237304396
6.72094832472458,1.30164155377913
6.73257693484128,1.29522261825252
6.74507693484128,1.28835848359267
6.75757693484128,1.28153049439352
6.77007693484128,1.27473820256544
6.78257693484128,1.26798204718284
6.79487690627502,1.26136972254706
6.80717687770876,1.25479153325486
6.8194768491425,1.24824692798819
6.83177682057625,1.24173665154314
6.84297117825209,1.23584193264799
6.85416553592794,1.22997486907372
6.86535989360378,1.22413504637794
6.87655425127963,1.21832307744413
6.88708871058831,1.21287954334899
6.89762316989699,1.20746012109999
6.90815762920567,1.20206455376438
6.91869208851435,1.19669315456606
6.92974616432795,1.1910830196094
6.94080024014155,1.18549903631705
6.95185431595515,1.17994095819548
6.96290839176875,1.17440899256957
6.97513681921698,1.16831995429714
6.98736524666521,1.16226230435578
6.99959367411344,1.15623568637449
7.01182210156168,1.15024041781799
7.02432210156168,1.14414475403747
7.03682210156168,1.13808110636105
7.04932210156167,1.13204898641991
7.06182210156167,1.12604900763597
7.07359969787727,1.1204257052824
7.08537729419286,1.11483013555125
7.09715489050845,1.10926181645603
7.10893248682404,1.10372147763323
7.11973270109664,1.09866598361684
7.13053291536925,1.09363337845241
7.14133312964185,1.08862335039248
7.15213334391446,1.08363635944688
7.16283951614558,1.07871583774798
7.1735456883767,1.07381748630106
7.18425186060782,1.06894107472051
7.19495803283894,1.06408686046694
7.20657632092398,1.05884441966279
7.21819460900903,1.05362765006851
7.22981289709407,1.04843627590586
7.24143118517912,1.04327055176449
7.25393118517912,1.03774172547531
7.26643118517912,1.03224196826018
7.27893118517912,1.02677087014089
7.29143118517912,1.02132890600545
7.3037369945484,1.01600042142916
7.31604280391768,1.01069938978679
7.32834861328696,1.00542529421551
7.34065442265625,1.00017891474039
7.35185315634509,0.995429163036656
7.36305189003393,0.990701638850072
7.37425062372278,0.985995952500228
7.38544935741162,0.981312744742427
7.39598190248817,0.976929052271217
7.40651444756471,0.972564731884019
7.41704699264126,0.968219547614207
7.4275795377178,0.963893834538746
7.43862749925766,0.959377612017793
7.44967546079753,0.954882401027478
7.46072342233739,0.950407979492165
7.47177138387725,0.94595457825593
7.48399631154114,0.941051477687945
7.49622123920502,0.936173609606786
7.5084461668689,0.9313206502427
7.52067109453278,0.926492947311444
7.53317109453278,0.921583111104689
7.54567109453278,0.916699007202607
7.55817109453278,0.911840181543716
7.57067109453278,0.907007278212044
7.58245612833763,0.902475088682884
7.59424116214247,0.89796519672098
7.60602619594731,0.89347714698149
7.61781122975216,0.889011696792695
7.62861709202272,0.884937625608763
7.63942295429328,0.880881956517481
7.65022881656384,0.876844397326954
7.6610346788344,0.872825430707825
7.67173841016629,0.868863108509067
7.68244214149817,0.864918600775045
7.69314587283006,0.860991696654324
7.70384960416195,0.857082674147906
7.7154596345068,0.852863124654639
7.72706966485165,0.848664192040799
7.7386796951965,0.844485625887158
7.75028972554135,0.84032770484281
7.76278972554135,0.835874445376974
7.77528972554135,0.831444555079326
7.78778972554135,0.827037654665391
7.80028972554135,0.822654247881087
7.81260020734068,0.818360769326463
7.82491068914001,0.814089351804144
7.83722117093933,0.809839506279163
7.84953165273866,0.805612041222511
7.86073388834465,0.801785181395403
7.87193612395065,0.797976170922544
7.88313835955664,0.794184640115936
7.89434059516264,0.790411252217804
7.90487160835866,0.786880933424304
7.91540262155469,0.783366171570324
7.92593363475072,0.779866747560571
7.93646464794674,0.776383014053873
7.94750771906287,0.772747008424793
7.95855079017901,0.76912788247086
7.96959386129514,0.765525433723888
7.98063693241127,0.761939911917003
7.99285905984034,0.757991558544686
8.00508118726941,0.754063484430923
8.01730331469848,0.750155392020291
8.02952544212755,0.746267653367233
8.04202544212755,0.742312983826765
8.05452544212755,0.738378985075816
8.06702544212756,0.73446523067912
8.07952544212755,0.730572389437942
8.0913164287213,0.726920089138656
8.10310741531504,0.723285698428321
8.11489840190879,0.719668783499716
8.12668938850253,0.716070124058357
8.13749977053241,0.712787311471236
8.14831015256229,0.709519280128924
8.15912053459216,0.70626575364062
8.16993091662204,0.703027232971221
8.18063269400383,0.699836374732068
8.19133447138562,0.696659825488621
8.20203624876742,0.693497390104505
8.21273802614921,0.690349363102383
8.22434145154058,0.686952645178063
8.23594487693196,0.683572483581467
8.24754830232334,0.680208648238905
8.25915172771471,0.67686143710657
8.27165172771471,0.673274524486352
8.28415172771471,0.669706389874863
8.29665172771471,0.666156678707424
8.30915172771471,0.662625917982757
8.32146594802204,0.659166693310257
8.33378016832937,0.655725180576195
8.3460943886367,0.652300913208987
8.35840860894402,0.648894722636542
8.36961364621608,0.645811646790071
8.38081868348814,0.642742889801392
8.3920237207602,0.639688098117345
8.40322875803226,0.636647953114301
8.41375854566081,0.633804809492624
8.42428833328936,0.630974151498475
8.43481812091791,0.628155773615678
8.44534790854646,0.625350042650982
8.45638706876815,0.622422447191687
8.46742622898983,0.619508408711863
8.47846538921152,0.616607740497385
8.4895045494332,0.613720707461074
8.5017244368752,0.610541058099975
8.51394432431719,0.607377701621181
8.52616421175918,0.604230361554508
8.53838409920117,0.601099429542164
8.55088409920117,0.59791412953289
8.56338409920117,0.594745423348436
8.57588409920117,0.591592906799951
8.58838409920117,0.588457268612817
8.60017984882697,0.585514357225308
8.61197559845277,0.582585814455644
8.62377134807856,0.579671223895673
8.63556709770436,0.576771383321088
8.64638109566116,0.574126390493311
8.65719509361796,0.571493257976699
8.66800909157476,0.568871722140791
8.67882308953156,0.566262298710574
8.68952330329623,0.563692613927486
8.7002235170609,0.561134416517904
8.71092373082557,0.558587523991388
8.72162394459025,0.556052244162621
8.73322208792136,0.553317598282498
8.74482023125247,0.550596244877884
8.75641837458358,0.547887970210701
8.76801651791469,0.545193087742844
8.78051651791469,0.542303997745743
8.79301651791469,0.539429987680729
8.80551651791469,0.53657072289171
8.81801651791469,0.533726749113548
8.83033372874744,0.530939869535499
8.8426509395802,0.5281671949112
8.85496815041295,0.525408276794443
8.8672853612457,0.52266396513252
8.87849263945429,0.52018025697591
8.88969991766287,0.517708021378727
8.90090719587146,0.515246917805062
8.91211447408005,0.512797642249908
8.92264328142553,0.510507873823598
8.933172088771,0.508228118254352
8.94370089611648,0.505958180957146
8.95422970346196,0.50369844012499
8.96526573656506,0.501341075117609
8.97630176966815,0.49899459422976
8.98733780277125,0.496658823411332
8.99837383587435,0.494334039779898
9.01059193184009,0.491773354404421
9.02281002780583,0.489225753132276
9.03502812377157,0.486690976457225
9.04724621973731,0.484169431789507
9.05974621973731,0.481603843009886
9.07224621973731,0.479051564140179
9.08474621973731,0.476512208905933
9.09724621973731,0.473986482092447
9.10904577947801,0.471615390469655
9.12084533921871,0.469255811070375
9.13264489895941,0.466907341534253
9.14444445870011,0.464570794221044
9.15526134884991,0.462439858350846
9.16607823899972,0.460318427199121
9.17689512914953,0.458206247435557
9.18771201929934,0.456103846688017
9.19841098215114,0.454034357974152
9.20910994500294,0.451974085145964
9.21980890785475,0.44992285589136
9.23050787070655,0.447880988720562
9.24210179052504,0.44567917460528
9.25369571034352,0.443488028409783
9.265289630162,0.441307349520012
9.27688354998049,0.439137463858522
9.28938354998049,0.436810452860631
9.30188354998049,0.434495543082934
9.31438354998049,0.432192415903135
9.32688354998049,0.429901632152742
9.33920315252663,0.427656550222708
9.35152275507276,0.425422845948874
9.3638423576189,0.423200085505185
9.37616196016504,0.420989133773572
9.3873710304743,0.418988373434822
9.39858010078355,0.416996791379582
9.40978917109281,0.415014057571181
9.42099824140207,0.413040879785823
9.43152626480365,0.411196758535923
9.44205428820524,0.409360659097111
9.45258231160682,0.407532395685077
9.46311033500841,0.405712355657543
9.47414386798983,0.403814053926055
9.48517740097126,0.401924485641814
9.49621093395268,0.400043486938667
9.50724446693411,0.398171344750886
9.51946113036322,0.396109084636963
9.53167779379233,0.39405732542243
9.54389445722144,0.39201582125198
9.55611112065055,0.389984992231471
9.56861112065055,0.387918566682525
9.58111112065055,0.385862805921803
9.59361112065055,0.383817338100879
9.60611112065055,0.381782880949862
9.61791372760987,0.379872648877533
9.62971633456918,0.377971625549895
9.64151894152849,0.376079419943468
9.65332154848781,0.374196856183314
9.66414075152918,0.372480178866552
9.67495995457055,0.370771107060974
9.68577915761192,0.369069395747588
9.69659836065329,0.367375582149271
9.70729632298556,0.365708895633608
9.71799428531782,0.364049596191229
9.72869224765009,0.362397519703682
9.73939020998236,0.360752993288637
9.75098075310687,0.358980070803849
9.76257129623138,0.35721570505818
9.77416183935589,0.355459705986557
9.7857523824804,0.353712409530243
9.7982523824804,0.351838138590152
9.8107523824804,0.34997356959357
9.8232523824804,0.348118396831361
9.8357523824804,0.346273193299054
9.84807389751645,0.344464670086122
9.86039541255249,0.342665245598314
9.87271692758854,0.340874497799182
9.88503844262459,0.339093303611238
9.89624894587844,0.337481655940423
9.90745944913229,0.335877337508816
9.91866995238614,0.33428002674624
9.92988045564,0.332690440921223
9.94040785220789,0.331205223459572
9.95093524877579,0.329726424530728
9.96146264534368,0.328253865436635
9.97199004191157,0.326787940912282
9.98302157624989,0.325259246000405
9.9940531105882,0.323737553674189
10.0050846449265,0.322222708259578
10.0161161792648,0.320715004589241
10.0283316973335,0.319054126098143
10.0405472154022,0.31740166869695
10.0527627334709,0.315757397517066
10.0649782515396,0.314121742887796
10.0774782515396,0.312457381046826
10.0899782515396,0.310801553411026
10.1024782515396,0.30915389974896
10.1149782515396,0.307515148224426
10.1267832951676,0.30597630233136
10.1385883387957,0.304444808034972
10.1503933824238,0.302920283457561
10.1621984260518,0.301403562212195
10.1730194784391,0.300020687172471
10.1838405308263,0.298643886699329
10.1946615832135,0.297272922478357
10.2054826356007,0.29590833946467
10.2161797978328,0.294566039442464
10.2268769600648,0.293229653958196
10.2375741222969,0.291899025490239
10.2482712845289,0.290574488084044
10.2598591282593,0.289146839074496
10.2714469719898,0.287726048127615
10.2830348157202,0.286311933660853
10.2946226594507,0.284904839674071
10.3071226594507,0.28339523860225
10.3196226594507,0.281893406920287
10.3321226594507,0.28039904931895
10.3446226594507,0.278912748594768
10.3569457035691,0.27745596132065
10.3692687476875,0.27600643611286
10.3815917918059,0.274563760439962
10.3939148359243,0.273128820929734
10.4051264848038,0.271830664312002
10.4163381336832,0.270538346892734
10.4275497825627,0.269251553927889
10.4387614314422,0.267971010332714
10.4492883268623,0.266774845727031
10.4598152222824,0.265583808551833
10.4703421177024,0.264397725815335
10.4808690131225,0.263216998191399
10.4918989498381,0.261985910629883
10.5029288865536,0.260760432424823
10.5139588232691,0.259540414493607
10.5249887599847,0.258326158025458
10.5372033624001,0.256988525532948
10.5494179648156,0.255657639475832
10.561632567231,0.254333273829115
10.5738471696465,0.253015867155783
10.5863471696465,0.251675357185421
10.5988471696465,0.250341665288908
10.6113471696465,0.249014440589784
10.6238471696465,0.247694419661379
10.6356541614602,0.246454828521146
10.6474611532739,0.245221091963728
10.6592681450877,0.243992835487447
10.6710751369014,0.242770900354712
10.6818976678113,0.24165697631339
10.6927201987212,0.240547892942656
10.7035427296311,0.239443417335318
10.714365260541,0.238344100676049
10.7250617830401,0.237263046391365
10.7357583055393,0.236186720896048
10.7464548280384,0.235114971980246
10.7571513505375,0.234048139265798
10.7687370364967,0.23289847787748
10.7803227224558,0.23175430748862
10.791908408415,0.23061545333969
10.8034940943741,0.229482265914631
10.8159940943741,0.228266396227502
10.8284940943741,0.227056739311345
10.8409940943741,0.22585300823273
10.8534940943741,0.224655793685164
10.8658183608982,0.223482384097328
10.8781426274222,0.222314756527545
10.8904668939463,0.221152506106179
10.9027911604703,0.21999652728258
10.9140037251747,0.218950924883338
10.9252162898792,0.217909961055014
10.9364288545836,0.216873326556395
10.947641419288,0.215841752461787
10.9581679140853,0.214878389671449
10.9686944088826,0.213919114554886
10.9792209036798,0.212963758715654
10.9897473984771,0.212012727608825
11.0007760582114,0.211021289447683
11.0118047179456,0.210034339036433
11.0228333776798,0.209051732597053
11.033862037414,0.208073776435492
11.0460759078798,0.20699647346686
11.0582897783456,0.205924568416832
11.0705036488114,0.204857842379682
11.0827175192771,0.203796740550233
11.0952175192771,0.20271708448596
11.1077175192771,0.201642864196666
11.1202175192771,0.200573736339325
11.1327175192771,0.199510444265227
11.1445260685491,0.198511967398354
11.1563346178211,0.197518138582527
11.168143167093,0.19652858926341
11.179951716365,0.195544166869017
11.1907754292134,0.194646928341059
11.2015991420617,0.193753536124638
11.2124228549101,0.192863761672662
11.2232465677584,0.191978161187725
11.2339425788102,0.191107508043107
11.2446385898619,0.190240628818921
11.2553346009137,0.189377375582737
11.2660306119654,0.188518092445328
11.2776145732164,0.187592264513414
11.2891985344673,0.18667082720594
11.3007824957182,0.185753611252938
11.3123664569692,0.18484097235691
11.3248664569692,0.18386169487662
11.3373664569692,0.182887376354683
11.3498664569692,0.181917736603314
11.3623664569692,0.180953372678836
11.374691700644,0.180008257049906
11.3870169443189,0.17906773087041
11.3993421879938,0.178131395445882
11.4116674316687,0.177200151528292
11.4228807284336,0.176358003892997
11.4340940251985,0.175519527473482
11.4453073219635,0.174684417464103
11.4565206187284,0.173853409899408
11.4670467932896,0.173077548011161
11.4775729678509,0.172304936425028
11.4880991424121,0.171535410445458
11.4986253169734,0.170769379376919
11.5096529560702,0.169970930082701
11.520680595167,0.169176065503088
11.5317082342638,0.168384646129699
11.5427358733606,0.167596982387868
11.5549491587668,0.166729344143404
11.567162444173,0.165866017864445
11.5793757295792,0.165006790376891
11.5915890149855,0.1641521122176
11.6040890149855,0.163282566672628
11.6165890149855,0.16241734349833
11.6290890149855,0.161556105418273
11.6415890149855,0.16069960124661
11.6533988092418,0.159895381984578
11.665208603498,0.159094838477279
11.6770183977543,0.158297606964876
11.6888281920106,0.157504539844153
11.6996528496309,0.156781869415329
11.7104775072512,0.156062244054739
11.7213021648716,0.155345438730527
11.7321268224919,0.154632013686605
11.7428224246963,0.153930816525658
11.7535180269006,0.153232624306376
11.764213629105,0.152537292541055
11.7749092313093,0.151845168954223
11.786491814074,0.151099582357887
11.7980743968387,0.150357500552208
11.8096569796035,0.149618758684818
11.8212395623682,0.148883716659135
11.8337395623682,0.148095007279366
11.8462395623682,0.14731024694797
11.8587395623682,0.146529160909933
11.8712395623682,0.145752351348253
11.8835655870899,0.14499114645696
11.8958916118116,0.144233570157642
11.9082176365333,0.143479228732265
11.920543661255,0.142729028010903
11.9317575431508,0.142050776284505
11.9429714250466,0.141375416414845
11.9541853069425,0.140702647171261
11.9653991888383,0.1400332085827
11.9759251074371,0.139408363987234
11.9864510260359,0.138786095294518
11.9969769446347,0.138166240789673
12.0075028632334,0.137549212876468
12.0185296866132,0.136906183522285
12.029556509993,0.136266011763077
12.0405833333728,0.135628561527519
12.0516101567525,0.134994146557813
12.0638229745382,0.134295372149171
12.0760357923239,0.133600035156039
12.0882486101095,0.132907927019077
12.1004614278952,0.132219502578496
12.1129614278952,0.131519195024558
12.1254614278952,0.130822313025095
12.1379614278952,0.130128524189047
12.1504614278952,0.129438581733444
12.1622722172824,0.128790861536266
12.1740830066697,0.128146033635149
12.185893796057,0.127503738134797
12.1977045854443,0.126864831435688
12.208529998211,0.126282792481045
12.2193554109777,0.125703153013514
12.2301808237444,0.125125690834989
12.241006236511,0.124550969443759
12.2517015119111,0.123986253750982
12.2623967873111,0.123423923700728
12.2730920627111,0.122863837579578
12.2837873381111,0.122306346021397
12.2953688191583,0.121705906295089
12.3069503002054,0.121108258159537
12.3185317812526,0.120513240317911
12.3301132622998,0.119921216055906
12.3426132622998,0.119286003617024
12.3551132622998,0.11865392677357
12.3676132622998,0.118024715145946
12.3801132622998,0.117398975047813
12.3924399112847,0.116785921938013
12.4047665602696,0.11617572329883
12.4170932092545,0.11556798942228
12.4294198582394,0.114963630229575
12.4406342078017,0.114417404051195
12.4518485573639,0.113873441861443
12.4630629069262,0.113331445310817
12.4742772564884,0.112792157644652
12.484802970509,0.112288947067425
12.4953286845296,0.111787769235253
12.5058543985501,0.111288464833951
12.5163801125707,0.110791448762737
12.5274062840335,0.110273588203246
12.5384324554963,0.109757999725675
12.5494586269591,0.109244550025798
12.5604847984219,0.10873355551679
12.57269724247,0.108170786273623
12.5849096865181,0.107610750120648
12.5971221305662,0.107053242214255
12.6093345746143,0.106498720861447
12.6218345746143,0.105934729553296
12.6343345746143,0.105373441439643
12.6468345746143,0.104814528063588
12.6593345746143,0.104258746190687
12.671146159376,0.103737100814759
12.6829577441378,0.103217716487445
12.6947693288995,0.102700236428046
12.7065809136613,0.102185520262728
12.7174069299772,0.101716769930924
12.7282329462931,0.101249898959188
12.739058962609,0.100784687433574
12.7498849789249,0.100321701472793
12.7605799931165,0.0998669108693143
12.771275007308,0.0994140071398267
12.7819700214995,0.0989628508053378
12.7926650356911,0.0985137948420368
12.8042456362515,0.0980302458416256
12.8158262368119,0.0975489141722902
12.8274068373723,0.0970696413992776
12.8389874379328,0.0965927935318086
12.8514874379328,0.0960812182594444
12.8639874379328,0.0955721233702632
12.8764874379328,0.0950652420085209
12.8889874379328,0.0945611838160229
12.9013145858464,0.0940674735484698
12.91364173376,0.0935759941046726
12.9259688816736,0.0930863590077449
12.9382960295872,0.0925994814746686
12.9495107529164,0.0921596057980344
12.9607254762456,0.0917214883055662
12.9719401995749,0.0912848329696239
12.9831549229041,0.0908503856253059
12.9936804734223,0.0904451437760457
13.0042060239405,0.0900414972075252
13.0147315744586,0.089639288539185
13.0252571249768,0.0892389346795381
13.0362827754456,0.0888218826495568
13.0473084259144,0.0884066311914568
13.0583340763833,0.0879930492289309
13.0693597268521,0.0875814553261755
13.0815718722082,0.087128227947597
13.0937840175644,0.0866771664098452
13.1059961629205,0.0862280688612773
13.1182083082767,0.0857813964018674
13.1307083082767,0.0853272037751417
13.1432083082767,0.084875132502809
13.1557083082767,0.0844248572961322
13.1682083082767,0.0839771377805962
13.1800205287248,0.0835570544183726
13.191832749173,0.0831387235285179
13.2036449696212,0.0827217908402796
13.2154571900693,0.0823071185784544
13.2262836887507,0.0819296279328999
13.237110187432,0.0815535976167248
13.2479366861134,0.0811788095570032
13.2587631847947,0.0808058319822417
13.2694579902178,0.0804395784310173
13.2801527956408,0.0800748100484851
13.2908476010638,0.0797113891553373
13.3015424064868,0.0793496706136382
13.3131223033869,0.0789602602082178
13.324702200287,0.0785726047147602
13.3362820971871,0.0781865480026151
13.3478619940872,0.0778024582743153
13.3603619940872,0.0773904689819929
13.3728619940872,0.0769804323190023
13.3853619940872,0.0765720842676262
13.3978619940872,0.0761660371512048
13.4101895407439,0.0757684610239354
13.4225170874007,0.0753726133175291
13.4348446340574,0.0749781101584076
13.4471721807142,0.0745858674184393
13.4583872027542,0.074231658921869
13.4696022247942,0.0738788011507583
13.4808172468342,0.0735269999485134
13.4920322688742,0.0731770032353604
13.5025576887229,0.0728506697639434
13.5130831085716,0.0725255792302634
13.5236085284204,0.0722015758112182
13.5341339482691,0.0718790780332102
13.5451591823834,0.0715432170208279
13.5561844164978,0.0712087768596832
13.5672096506121,0.0708756282673817
13.5782348847265,0.070544091540525
13.5904467913746,0.0701790928112122
13.6026586980227,0.0698158030614134
13.6148706046708,0.0694540228487556
13.6270825113189,0.0690942155233918
13.6395825113189,0.0687284624283519
13.6520825113189,0.0683643620325202
13.6645825113189,0.0680015915984719
13.6770825113189,0.0676409130566318
13.6888952398073,0.0673026428824873
13.7007079682957,0.0669657154572448
13.7125206967841,0.0666297785326747
13.7243334252725,0.0662956964268926
13.7351603094545,0.0659917185495945
13.7459871936365,0.0656888634311898
13.7568140778184,0.0653869144825118
13.7676409620004,0.0650864416306374
13.7783356005738,0.0647914992162433
13.7890302391472,0.0644977184334841
13.7997248777205,0.0642049630526208
13.8104195162939,0.0639135894541303
13.8219988508612,0.0635999962210604
13.8335781854284,0.0632877855189321
13.8451575199957,0.0629768030721585
13.856736854563,0.0626674188497401
13.869236854563,0.0623356430139794
13.881736854563,0.0620053947177485
13.894236854563,0.0616764122290112
13.906736854563,0.0613493100316506
13.9190647198853,0.0610291715855216
13.9313925852076,0.0607103568422804
13.94372045053,0.0603924840257494
13.9560483158523,0.0600764711463295
13.9672635766124,0.0597912682113935
13.9784788373725,0.0595070877751974
13.9896940981325,0.0592236371888532
14.0009093588926,0.0589416660513518
14.0114346743145,0.058678889280708
14.0219599897364,0.0584170716599971
14.0324853051583,0.0581560586206091
14.0430106205802,0.0578962699916954
14.0540355219693,0.0576258012292622
14.0650604233584,0.0573564475074288
14.0760853247474,0.0570880809883296
14.0871102261365,0.0568210233638946
14.099321942019,0.0565270875383231
14.1115336579016,0.0562344927307009
14.1237453737841,0.0559430414387629
14.1359570896666,0.0556531988255804
14.1484570896666,0.055358681084249
14.1609570896666,0.0550654385542263
14.1734570896666,0.0547731505526562
14.1859570896666,0.0544825808675985
14.1977702241684,0.0542102139073739
14.2095833586702,0.0539388596243508
14.221396493172,0.0536681673999561
14.2332096276738,0.0533990032384748
14.244036819935,0.0531542414194299
14.2548640121961,0.0529103304218941
14.2656912044573,0.0526670548524682
14.2765183967185,0.0524249860056617
14.2872129019484,0.0521874807456413
14.2979074071783,0.0519508765337858
14.3086019124082,0.0517150383079473
14.3192964176382,0.0514803236711784
14.3308753028233,0.0512277933090116
14.3424541880084,0.050976345590028
14.3540330731935,0.0507258277322771
14.3656119583786,0.0504766111275464
14.3781119583786,0.0502094447587764
14.3906119583786,0.0499434635326106
14.4031119583786,0.0496784075578492
14.4156119583786,0.0494148930591438
14.4279400783645,0.0491571312240104
14.4402681983503,0.0489003670731162
14.4525963183362,0.0486442205200288
14.4649244383221,0.0483896112976954
14.4736933287416,0.0482098357657801
14.4824622191611,0.0480305914341577
14.4912311095805,0.0478518404382912
14.5,0.047673751891113
