0,0
0.0025,0.391944642156262
0.005,0.756192397843616
0.0075,1.09466593492713
0.01,1.40916609047783
0.0121275126642637,1.65918234066211
0.0142550253285275,1.89400722356402
0.0163825379927912,2.11454373855805
0.018510050657055,2.32164497224724
0.0210088678529706,2.54881586947907
0.0235076850488862,2.75976490751596
0.0260065022448017,2.95561785655812
0.0285053194407173,3.13742917951437
0.0312835677398075,3.32428029463651
0.0340618160388977,3.49622161616566
0.0368400643379879,3.65439830779009
0.0396183126370781,3.79987649736157
0.0424272522145193,3.93505609598082
0.0452361917919606,4.05918615978549
0.0480451313694019,4.17312445979163
0.0508540709468432,4.27766905002969
0.0536622476949178,4.37353099926182
0.0564704244429924,4.46140837539664
0.059278601191067,4.54192103296465
0.0620867779391416,4.6156456820112
0.0648949736399663,4.683114634777
0.067703169340791,4.7448108367175
0.0705113650416156,4.80118261277634
0.0733195607424403,4.85264708223593
0.0761277559723767,4.89958892976281
0.0789359512023131,4.94235783413604
0.0817441464322495,4.98127804941915
0.084552341662186,5.01665125978142
0.087360536903821,5.04875569620203
0.0901687321454561,5.07784425908588
0.0929769273870912,5.1041514667596
0.0957851226287263,5.12789551357436
0.0985933178700684,5.14927763095618
0.101401513111411,5.16848072986301
0.104209708352753,5.18567442605734
0.107017903594095,5.20101652877099
0.109826098835445,5.21465257857773
0.112634294076795,5.22671486552717
0.115442489318145,5.23732606374589
0.118250684559494,5.24660030813229
0.121058879800845,5.2546428601167
0.123867075042196,5.26154939751367
0.126675270283547,5.26740864329587
0.129483465524897,5.27230314432804
0.132291660766248,5.27630902962357
0.135099856007598,5.27949549672063
0.137908051248948,5.28192671297808
0.140716246490298,5.28366237880531
0.143524441731648,5.284757552818
0.146332636972998,5.2852622803528
0.149140832214348,5.28522296860509
0.151949027455698,5.28468279399246
0.154757222697048,5.2836815756963
0.157565417938398,5.28225550698007
0.160373613179748,5.28043814977609
0.163181808421098,5.27826072931663
0.165990322853692,5.27575173974592
0.168798837286286,5.27293759203503
0.17160735171888,5.26984256554556
0.174415866151474,5.26648924888958
0.177412378938719,5.26265012705177
0.180408891725965,5.25856361169657
0.18340540451321,5.25425084473322
0.186401917300455,5.24973141972272
0.189593740426205,5.24471030235715
0.192785563551955,5.23949461707484
0.195977386677705,5.23410228134921
0.199169209803455,5.22854983669359
0.202583652031513,5.22244995614753
0.205998094259571,5.2162005644309
0.20941253648763,5.20981667791026
0.212826978715688,5.20331210241373
0.21649520784967,5.19620385530842
0.220163436983651,5.18898441730917
0.223831666117632,5.18166619066755
0.227499895251614,5.17426052780105
0.231460021776457,5.16617917284729
0.2354201483013,5.15801898850642
0.239380274826143,5.14979004568833
0.243340401350986,5.14150152057826
0.247639379278961,5.1324458567137
0.251938357206936,5.12333858511692
0.256237335134911,5.11418772022764
0.260536313062886,5.1050005305296
0.26523282797293,5.09492981936264
0.269929342882973,5.08483043789119
0.274625857793016,5.07470860981503
0.279322372703059,5.06456995440688
0.284490940530094,5.05339865666037
0.289659508357128,5.04221826275885
0.294828076184162,5.03103346033693
0.299996644011197,5.01984846583862
0.305733611762389,5.00743760922254
0.311470579513581,4.99503490034033
0.317207547264773,4.98264373180032
0.322944515015965,4.97026714873238
0.329377090970545,4.95641043344676
0.335809666925126,4.94257800833832
0.342242242879706,4.92877219469391
0.348674818834287,4.91499507907948
0.355975107082661,4.8993964667499
0.363275395331036,4.88383876568908
0.37057568357941,4.86832342655865
0.377875971827785,4.85285176546879
0.386283612286742,4.83508874761582
0.394691252745699,4.81738597468723
0.403098893204657,4.79974419487075
0.411506533663614,4.78216410758225
0.421366835436136,4.76162584177208
0.431227137208658,4.74117337728504
0.44108743898118,4.72080687747965
0.450947740753701,4.70052652649974
0.462779158404013,4.67630582936772
0.474610576054326,4.65220886672774
0.486441993704638,4.62823524557683
0.49827341135495,4.60438464559788
0.51077341135495,4.57931946771961
0.52327341135495,4.55439043368215
0.53577341135495,4.52959687120311
0.54827341135495,4.50493814123169
0.56077341135495,4.48041358036129
0.57327341135495,4.45602245590396
0.58577341135495,4.43176405804583
0.59827341135495,4.40763768795346
0.61077341135495,4.38364264388743
0.62327341135495,4.35977821037641
0.63577341135495,4.33604368038805
0.64827341135495,4.3124383524416
0.66077341135495,4.28896152725776
0.67327341135495,4.26561250515396
0.68577341135495,4.24239059134322
0.69827341135495,4.21929509521851
0.71077341135495,4.19632532954297
0.72327341135495,4.17348060982722
0.73577341135495,4.1507602555613
0.74827341135495,4.12816359002317
0.76077341135495,4.10568994008142
0.77327341135495,4.08333863605028
0.78577341135495,4.06110901194207
0.79827341135495,4.03900040540249
0.81077341135495,4.01701215766098
0.82327341135495,3.99514361350083
0.83577341135495,3.97339412127649
0.84827341135495,3.95176303287973
0.86077341135495,3.93024970372571
0.87327341135495,3.90885349275073
0.88577341135495,3.88757376237374
0.89827341135495,3.86640987847037
0.91077341135495,3.84536121036769
0.92327341135495,3.82442713084845
0.93577341135495,3.80360701610007
0.94827341135495,3.78290024569102
0.96077341135495,3.7623062025676
0.97327341135495,3.74182427305974
0.98577341135495,3.72145384682786
0.99827341135495,3.70119431684011
1.01077341135495,3.6810450793698
1.02327341135495,3.66100553400137
1.03577341135495,3.64107508357768
1.04827341135495,3.62125313417781
1.06077341135495,3.60153909511466
1.07327341135495,3.58193237894091
1.08577341135495,3.56243240139723
1.09827341135495,3.54303858139061
1.11077341135495,3.523750340992
1.12327341135495,3.50456710544224
1.13577341135495,3.48548830310124
1.14827341135495,3.46651336542686
1.16077341135495,3.44764172697263
1.17327341135495,3.42887282539342
1.18577341135495,3.41020610139587
1.19827341135495,3.39164099871766
1.21077341135495,3.37317696412522
1.22327341135495,3.3548134474194
1.23577341135495,3.33654990138688
1.24827341135495,3.31838578177989
1.26077341135495,3.30032054731404
1.27327341135495,3.28235365967377
1.28577341135495,3.26448458346491
1.29827341135495,3.24671278619474
1.31077341135495,3.22903773826995
1.32327341135495,3.21145891300194
1.33577341135495,3.19397578656035
1.34827341135495,3.17658783795368
1.36077341135495,3.15929454902715
1.37327341135495,3.14209540446797
1.38577341135495,3.12498989175989
1.39827341135495,3.10797750116416
1.41077341135495,3.09105772571749
1.42327341135495,3.07423006123722
1.43577341135495,3.0574940062768
1.44827341135495,3.0408490621072
1.46120505851621,3.02372469495847
1.47413670567748,3.00669676270526
1.48706835283874,2.98976472228458
1.5,2.97292803367732
1.5,2.97292803367732
1.5025,3.21464944953446
1.505,3.43906385110522
1.5075,3.64737290194279
1.51,3.84070212135823
1.5128158830372,4.04182577922392
1.51563176607441,4.22664308715284
1.51844764911161,4.39642267728299
1.52126353214881,4.55234468947706
1.52407153640141,4.6951135828809
1.526879540654,4.82616504806088
1.5296875449066,4.94640847568579
1.53249554915919,5.05668996228568
1.53530374914578,5.15779657798246
1.53811194913236,5.25042973520333
1.54092014911895,5.33524730588413
1.54372834910553,5.41286137094041
1.54653654422898,5.48383631044551
1.54934473935244,5.54868536830895
1.55215293447589,5.60788435336717
1.55496112959935,5.66187595571941
1.55776932484363,5.71106845242479
1.56057752008791,5.75583294682919
1.5633857153322,5.79651357088231
1.56619391057648,5.83343050296312
1.56900210581776,5.86687903026328
1.57181030105903,5.89712755684698
1.57461849630031,5.9244249775583
1.57742669154159,5.9490028625042
1.58023488678294,5.97107477893594
1.58304308202429,5.99083485047131
1.58585127726564,6.00846309045771
1.58865947250699,6.02412698189811
1.59146766774834,6.03798098699228
1.5942758629897,6.05016550507623
1.59708405823105,6.06081073004716
1.5998922534724,6.0700377930666
1.60270044871376,6.07795840782954
1.60550864395511,6.08467411688008
1.60831683919646,6.09027908154585
1.61112503443782,6.09486090841323
1.61393322967916,6.09850039276357
1.61674142492051,6.10127097346088
1.61954962016186,6.10324075080927
1.62235781540321,6.10447308431221
1.62516601064455,6.10502640710935
1.6279742058859,6.10495383171676
1.63078240112725,6.10430460946929
1.6335905963686,6.10312456285805
1.63639879160995,6.10145595131928
1.6392069868513,6.09933718608073
1.64201518209265,6.0968038857229
1.64482337733401,6.09388918887288
1.64763157257536,6.09062365713438
1.65043976781671,6.08703506884656
1.65324796305806,6.08314918253279
1.65605615829941,6.07898996306068
1.65901723196498,6.0743326143735
1.66197830563055,6.0694194210459
1.66493937929613,6.06427206926562
1.6679004529617,6.0589106713183
1.671055481183,6.0529833071366
1.67421050940429,6.04685400533827
1.67736553762559,6.04054123777126
1.68052056584689,6.03406206970881
1.68389292486726,6.02697021273338
1.68726528388763,6.01972301517978
1.690637642908,6.01233598996384
1.69401000192837,6.00482341012999
1.69763010867157,5.99663394929019
1.70125021541477,5.98832887144817
1.70487032215797,5.97992102377299
1.70849042890117,5.97142217515869
1.71239501032637,5.96216564909693
1.71629959175156,5.95282718722386
1.72020417317676,5.94341725438322
1.72410875460195,5.93394539331176
1.72834299514922,5.92361374231425
1.73257723569649,5.91322862346565
1.73681147624376,5.90279839540258
1.74104571679103,5.89233064462552
1.74566593751903,5.88087376312098
1.75028615824704,5.86938754197088
1.75490637897504,5.85787850070789
1.75952659970304,5.84635252963293
1.76460410078146,5.83367240016537
1.76968160185988,5.82098366393789
1.7747591029383,5.80829125761673
1.77983660401672,5.79559962345174
1.78546325777829,5.78154087522649
1.79108991153985,5.76749192270127
1.79671656530141,5.7534563624844
1.80234321906297,5.73943742229748
1.80863984290812,5.72377231547601
1.81493646675327,5.70813434905961
1.82123309059842,5.69252600529709
1.82752971444357,5.67694951240354
1.83465900426728,5.65935395620106
1.84178829409098,5.64180346840733
1.84891758391469,5.62429961983843
1.8560468737384,5.6068438298606
1.86423412013301,5.58685842595883
1.87242136652763,5.56693892039625
1.88060861292224,5.5470861432034
1.88879585931686,5.52730086150989
1.89836355522917,5.50426586693993
1.90793125114148,5.48132412735349
1.91749894705379,5.45847585255647
1.92706664296611,5.43572126214887
1.93849515783271,5.40866403789562
1.94992367269932,5.38174024573423
1.96135218756593,5.35494950784647
1.97278070243254,5.32829151155462
1.9795855268244,5.3124815650568
1.98639035121627,5.29671839570785
1.99319517560813,5.28100188800049
2,5.26533192464767
2,5.26533192464767
2.0025,5.50455206165848
2.005,5.72646790428621
2.0075,5.93228111377059
2.01,6.12311720707042
2.01281588303719,6.32143597286421
2.01563176607438,6.50345182694694
2.01844764911158,6.67043339792204
2.02126353214877,6.82356082207382
2.02407153640137,6.96354635975808
2.02687954065397,7.09181787391077
2.02968754490657,7.2092847515234
2.03249554915916,7.31679308541882
2.03530374914575,7.41512974903053
2.03811194913234,7.50499634443532
2.04092014911893,7.58705073977209
2.04372834910551,7.6619050121393
2.04653654422896,7.73012354254219
2.0493447393524,7.79221956624664
2.05215293447585,7.84866888821187
2.0549611295993,7.8999141946466
2.05776932484358,7.94636375858759
2.06057752008785,7.98838867957889
2.06338571533214,8.02633308564037
2.06619391057641,8.06051715121293
2.06900210581769,8.09123615954442
2.07181030105897,8.11875851073943
2.07461849630025,8.14333309567965
2.07742669154153,8.16519148050512
2.08023488678289,8.18454722849516
2.08304308202425,8.20159445928997
2.08585127726561,8.21651318225651
2.08865947250697,8.2294708764154
2.09146766774832,8.24062199998181
2.09427586298967,8.2501069483044
2.09708405823103,8.25805591129237
2.09989225347238,8.26459001611917
2.10270044871373,8.26982097249144
2.10550864395507,8.27385031896436
2.10831683919642,8.27677221287744
2.11112503443776,8.27867425683031
2.11393322967911,8.27963724211869
2.11674142492046,8.27973460362188
2.11954962016181,8.27903443766122
2.12235781540316,8.27760009975974
2.12516601064451,8.27549001907885
2.12797420588585,8.27275730415833
2.1307824011272,8.26945120235954
2.13359059636855,8.26561753220307
2.1363987916099,8.2612985491576
2.13920698685125,8.25653266048606
2.1420151820926,8.25135548080748
2.14482337733395,8.24580014479099
2.1476315725753,8.2398972100858
2.15043976781666,8.23367445107984
2.15324796305801,8.22715762234907
2.15605615829936,8.22037068481751
2.15901723163725,8.21294605377049
2.16197830497515,8.20526915412403
2.16493937831305,8.1973616674496
2.16790045165094,8.18924370142229
2.17105547953222,8.18038312972227
2.1742105074135,8.17132465899396
2.17736553529479,8.1620867555298
2.18052056317607,8.15268647905489
2.18389292180783,8.14247674318107
2.18726528043959,8.13211625509691
2.19063763907135,8.12162052097035
2.19400999770311,8.11100380710758
2.19763010400225,8.09948725323245
2.2012502103014,8.08786033804508
2.20487031660054,8.07613590041637
2.20849042289969,8.06432570095499
2.21239500381275,8.05150347539743
2.21629958472582,8.03860538889885
2.22020416563889,8.02564189595686
2.22410874655196,8.01262252897942
2.22834298650291,7.99845069106281
2.23257722645386,7.98423247969125
2.2368114664048,7.96997624039824
2.24104570635575,7.9556895466051
2.24566592638172,7.94007364801576
2.2502861464077,7.92443679289006
2.25490636643368,7.90878548386602
2.25952658645965,7.89312559438368
2.26460408670114,7.87591200727182
2.26968158694262,7.85869985466575
2.27475908718411,7.84149405099342
2.27983658742559,7.82429901631532
2.28546324017478,7.80526145683744
2.29108989292397,7.7862459119854
2.29671654567315,7.76725594838198
2.30234319842234,7.74829476383648
2.30863982102192,7.72711331623499
2.3149364436215,7.7059741569491
2.32123306622109,7.68487972663299
2.32752968882067,7.66383221202088
2.33465897708084,7.64006027900384
2.34178826534102,7.61635261412692
2.34891755360119,7.59271072852376
2.35604684186137,7.56913598206306
2.36423408624564,7.54214705609701
2.37242133062992,7.515249024397
2.3806085750142,7.48844262778301
2.38879581939848,7.46172854449147
2.39836351264962,7.43062781473373
2.40793120590076,7.39965397061905
2.4174988991519,7.36880708172913
2.42706659240304,7.33808722802239
2.43849510361867,7.3015590968767
2.4499236148343,7.26521154862244
2.46135212604994,7.22904397070363
2.47278063726557,7.19305581686854
2.48528063726557,7.15389826047372
2.49778063726557,7.11495347381924
2.51028063726557,7.0762203880501
2.52278063726557,7.0376979785304
2.53528063726557,6.9993851900532
2.54778063726557,6.96128087849709
2.56028063726557,6.92338393049262
2.57278063726557,6.88569324796861
2.58528063726557,6.8482077301171
2.59778063726557,6.81092625933541
2.61028063726557,6.7738477300032
2.62278063726557,6.73697104472551
2.63528063726557,6.70029510998126
2.64778063726557,6.66381883274232
2.66028063726557,6.62754112733886
2.67278063726557,6.59146091452324
2.68528063726557,6.55557712041757
2.69778063726557,6.5198886757068
2.71028063726557,6.48439451722283
2.72278063726557,6.44909358768912
2.73528063726557,6.4139848354637
2.74778063726557,6.37906721435274
2.76028063726557,6.34433968392283
2.77278063726557,6.30980120941036
2.78528063726557,6.27545076165646
2.79778063726557,6.24128731706986
2.81028063726557,6.20730985763416
2.82278063726557,6.1735173708575
2.83528063726557,6.13990884975384
2.84778063726557,6.10648329284168
2.86028063726557,6.07323970407922
2.87278063726557,6.0401770928244
2.88528063726557,6.00729447382739
2.89778063726557,5.97459086723779
2.91028063726557,5.94206529852388
2.92278063726557,5.90971679843569
2.93528063726557,5.87754440300031
2.94778063726557,5.845547153531
2.96028063726557,5.81372409654392
2.97278063726557,5.7820742837226
2.98528063726557,5.75059677191397
2.99778063726557,5.71929062313774
3.01028063726557,5.68815490450395
3.02278063726557,5.65718868817833
3.03528063726556,5.62639105137854
3.04778063726557,5.59576107638351
3.06028063726557,5.56529785045247
3.07278063726557,5.53500046579118
3.08528063726556,5.50486801954819
3.09778063726556,5.47489961382406
3.11028063726557,5.44509435559209
3.12278063726556,5.41545135666522
3.13528063726556,5.38596973369247
3.14778063726556,5.35664860816791
3.16028063726556,5.32748710635309
3.17278063726556,5.29848435924469
3.18528063726556,5.26963950257101
3.19778063726556,5.24095167680074
3.21028063726556,5.2124200270671
3.22278063726556,5.18404370313616
3.23528063726556,5.1558218594034
3.24778063726556,5.12775365490232
3.26028063726556,5.0998382532302
3.27278063726556,5.0720748225171
3.28528063726556,5.0444625354225
3.29778063726556,5.01700056914373
3.31028063726556,4.98968810534333
3.32278063726556,4.9625243301187
3.33528063726556,4.93550843399887
3.34778063726556,4.90863961195265
3.36028063726556,4.88191706331767
3.37278063726556,4.85533999177061
3.38528063726556,4.82890760532405
3.39778063726556,4.80261911633449
3.41028063726556,4.77647374143285
3.42278063726556,4.75047070149541
3.43528063726556,4.72460922164069
3.44778063726556,4.6988885312373
3.46028063726556,4.67330786383598
3.47278063726556,4.64786645714108
3.48528063726556,4.62256355300761
3.49778063726556,4.59739839744887
3.51028063726556,4.57237024056991
3.52278063726556,4.54747833653976
3.53528063726556,4.52272194358838
3.54778063726556,4.49810032401426
3.56028063726556,4.47361274411925
3.57278063726556,4.44925847418139
3.58528063726556,4.42503678845196
3.59778063726556,4.40094696516287
3.61028063726556,4.37698828646293
3.62278063726556,4.35316003839128
3.63528063726556,4.32946151087446
3.64778063726556,4.30589199773367
3.66028063726556,4.28245079662242
3.67278063726556,4.2591372090005
3.68528063726556,4.23595054013116
3.69778063726556,4.21289009908819
3.71028063726556,4.18995519869489
3.72278063726556,4.16714515549866
3.73528063726556,4.14445928976819
3.74778063726556,4.12189692550042
3.76028063726556,4.09945739036082
3.77278063726556,4.07714001565849
3.78528063726556,4.05494413634349
3.79778063726556,4.03286909101356
3.81028063726556,4.01091422185578
3.82278063726556,3.98907887462214
3.83528063726556,3.96736239862694
3.84778063726556,3.94576414675339
3.86028063726556,3.92428347539649
3.87278063726556,3.90291974443919
3.88528063726556,3.88167231724979
3.89778063726556,3.86054056068841
3.91028063726556,3.83952384505113
3.92278063726556,3.81862154404661
3.93528063726556,3.7978330347936
3.94778063726556,3.77715769782727
3.96028063726556,3.75659491704451
3.97278063726556,3.73614407968108
3.98528063726556,3.71580457630922
3.99778063726556,3.69557580084374
4.01028063726556,3.67545715048859
4.02278063726556,3.6554480257145
4.03528063726556,3.63554783025655
4.04778063726556,3.61575597112026
4.06028063726556,3.59607185852923
4.07278063726556,3.57649490590326
4.08528063726556,3.55702452985601
4.09778063726556,3.53766015020095
4.11028063726556,3.5184011899001
4.12278063726556,3.49924707504267
4.13528063726556,3.48019723484274
4.14778063726556,3.46125110164508
4.16028063726556,3.44240811087502
4.17278063726556,3.42366770101752
4.18528063726556,3.40502931361492
4.19778063726556,3.38649239327265
4.21028063726556,3.36805638761013
4.22278063726556,3.34972074724036
4.23528063726556,3.33148492576767
4.24778063726556,3.31334837979331
4.26028063726556,3.29531056886743
4.27278063726556,3.27737095546911
4.28528063726556,3.25952900500415
4.29778063726556,3.24178418581053
4.31028063726556,3.22413596911145
4.32278063726556,3.20658382899576
4.33528063726556,3.18912724241583
4.34778063726556,3.17176568919288
4.36028063726556,3.15449865197103
4.37278063726556,3.13732561619816
4.38528063726556,3.12024607012382
4.39778063726556,3.10325950480442
4.41028063726556,3.08636541405835
4.42278063726556,3.06956329444715
4.43528063726556,3.05285264527355
4.44778063726556,3.03623296858652
4.46028063726556,3.01970376913733
4.47278063726556,3.00326455436116
4.48528063726556,2.98691483437519
4.49778063726556,2.9706541219835
4.51028063726556,2.95448193263411
4.52278063726556,2.93839778440101
4.53528063726556,2.92240119798221
4.54778063726556,2.90649169670463
4.56028063726556,2.890668806482
4.57278063726556,2.87493205579732
4.58528063726556,2.85928097570092
4.59778063726556,2.84371509981527
4.61028063726556,2.82823396429376
4.62278063726556,2.81283710780358
4.63528063726556,2.79752407152379
4.64778063726556,2.78229439915003
4.66028063726556,2.7671476368542
4.67278063726556,2.75208333326769
4.68528063726556,2.73710103947954
4.69778063726556,2.72220030904098
4.71028063726556,2.70738069792604
4.72278063726556,2.69264176451511
4.73528063726556,2.67798306959314
4.74778063726556,2.6634041763541
4.76028063726556,2.64890465036243
4.77278063726556,2.63448405953695
4.78528063726556,2.6201419741491
4.79778063726556,2.60587796682733
4.81028063726556,2.59169161251935
4.82278063726556,2.57758248847638
4.83528063726556,2.56355017425147
4.84778063726556,2.54959425170375
4.86028063726556,2.53571430496153
4.87278063726556,2.5219099204069
4.88528063726556,2.50818068667402
4.89778063726556,2.49452619465335
4.91028063726556,2.48094603745551
4.92278063726556,2.46743981039621
4.93528063726556,2.4540071109946
4.94778063726556,2.44064753897741
4.96028063726556,2.42736069624356
4.97278063726556,2.41414618684943
4.98528063726556,2.40100361700726
4.99778063726556,2.38793259508918
5.01028063726556,2.3749327315926
5.02278063726556,2.36200363912577
5.03528063726556,2.34914493240629
5.04778063726556,2.33635622826493
5.06028063726556,2.32363714561188
5.07278063726556,2.31098730542259
5.08528063726556,2.29840633073625
5.09778063726556,2.28589384665963
5.11028063726556,2.27344948033398
5.12278063726556,2.26107286092119
5.13528063726556,2.24876361960235
5.14778063726556,2.23652138958146
5.16028063726556,2.22434580605303
5.17278063726556,2.21223650618862
5.18528063726556,2.20019312913534
5.19778063726556,2.18821531601951
5.21028063726556,2.17630270991501
5.22278063726556,2.16445495583003
5.23528063726556,2.15267170070564
5.24778063726556,2.1409525934194
5.26028063726556,2.12929728475434
5.27278063726556,2.11770542738603
5.28528063726556,2.10617667588119
5.29778063726556,2.09471068670117
5.31028063726556,2.08330711817166
5.32278063726556,2.07196563046999
5.33528063726556,2.06068588562382
5.34778063726556,2.04946754751451
5.36028063726556,2.03831028184748
5.37278063726556,2.02721375613982
5.38528063726556,2.01617763971895
5.39778063726556,2.00520160372598
5.41028063726556,1.99428532108669
5.42278063726556,1.98342846649937
5.43528063726556,1.97263071643357
5.44778063726556,1.96189174913334
5.46028063726556,1.95121124458883
5.47278063726556,1.94058888452448
5.48528063726556,1.93002435239767
5.49778063726556,1.91951733340198
5.51028063726556,1.90906751443938
5.52278063726556,1.89867458410866
5.53528063726556,1.88833823270412
5.54778063726556,1.87805815221878
5.56028063726556,1.86783403631714
5.57278063726556,1.85766558032385
5.58528063726556,1.84755248122249
5.59778063726556,1.83749443765862
5.61028063726556,1.82749114991322
5.62278063726556,1.81754231989154
5.63528063726556,1.80764765112194
5.64778063726556,1.79780684875887
5.66028063726556,1.78801961955686
5.67278063726556,1.77828567185963
5.68528063726556,1.76860471559897
5.69778063726556,1.75897646229762
5.71028063726556,1.74940062504383
5.72278063726556,1.73987691848076
5.73528063726556,1.7304050588053
5.74778063726556,1.72098476377092
5.76028063726556,1.71161575266285
5.77278063726556,1.70229774628756
5.78528063726556,1.69303046697175
5.79778063726556,1.68381363856507
5.81028063726556,1.67464698641582
5.82278063726556,1.66553023736073
5.83528063726556,1.65646311972386
5.84778063726556,1.6474453633194
5.86028063726556,1.63847669942776
5.87278063726556,1.62955686078567
5.88528063726556,1.62068558158505
5.89778063726556,1.61186259747575
5.91028063726556,1.60308764554221
5.92278063726556,1.5943604642937
5.93528063726556,1.58568079366327
5.94778063726556,1.5770483750104
5.96028063726556,1.56846295109818
5.97278063726556,1.55992426608374
5.98528063726556,1.55143206551728
5.99778063726555,1.54298609634458
6.01028063726555,1.53458610688471
6.02278063726556,1.52623184682072
6.03528063726556,1.51792306719857
6.04778063726556,1.50965952042972
6.06028063726555,1.50144096026924
6.07278063726555,1.4932671418067
6.08528063726556,1.48513782146516
6.09778063726555,1.47705275700368
6.11028063726555,1.46901170749592
6.12278063726555,1.4610144333212
6.13528063726555,1.45306069616356
6.14778063726556,1.44515025901414
6.16028063726555,1.43728288615032
6.17278063726555,1.42945834312692
6.18528063726555,1.42167639677531
6.19778063726555,1.41393681520573
6.21028063726555,1.40623936778688
6.22278063726555,1.39858382513729
6.23528063726555,1.39096995912449
6.24778063726555,1.38339754286725
6.26028063726555,1.37586635071561
6.27278063726555,1.36837615824247
6.28528063726555,1.36092674224271
6.29778063726555,1.35351788073549
6.31028063726555,1.34614935294457
6.32278063726555,1.33882093929022
6.33528063726555,1.33153242138827
6.34778063726555,1.32428358205237
6.36028063726555,1.31707420527479
6.37278063726555,1.30990407621844
6.38528063726555,1.30277298121599
6.39778063726555,1.29568070777202
6.41028063726555,1.28862704454433
6.42278063726555,1.28161178133601
6.43528063726555,1.27463470909469
6.44778063726555,1.26769561991461
6.46028063726555,1.26079430701825
6.47278063726555,1.25393056474874
6.48528063726555,1.24710418856895
6.49778063726555,1.24031497506363
6.51028063726555,1.23356272192141
6.52278063726555,1.22684722792733
6.53528063726555,1.22016829296203
6.54778063726555,1.21352571800375
6.56028063726555,1.20691930511082
6.57278063726555,1.20034885741427
6.58528063726555,1.19381417911704
6.59778063726555,1.18731507549603
6.61028063726555,1.18085135288483
6.62278063726555,1.17442281866661
6.63528063726555,1.16802928127329
6.64778063726555,1.16167055018753
6.66028063726555,1.15534643592589
6.67278063726555,1.1490567500318
6.68528063726555,1.14280130507484
6.69778063726555,1.13657991465259
6.71028063726555,1.13039239337421
6.72278063726555,1.12423855685357
6.73528063726555,1.1181182217085
6.74778063726555,1.11203120556266
6.76028063726555,1.10597732702941
6.77278063726555,1.09995640570513
6.78528063726555,1.09396826216848
6.79778063726555,1.0880127179822
6.81028063726555,1.08208959567741
6.82278063726555,1.07619871874696
6.83528063726555,1.07033991164479
6.84778063726555,1.06451299978768
6.86028063726555,1.05871780953983
6.87278063726555,1.05295416820645
6.88528063726555,1.04722190403304
6.89778063726555,1.04152084620716
6.91028063726555,1.03585082484333
6.92278063726555,1.03021167097674
6.93528063726555,1.0246032165626
6.94778063726555,1.01902529447778
6.96028063726555,1.01347773850613
6.97278063726555,1.00796038333228
6.98528063726555,1.00247306454096
6.99778063726555,0.997015618618731
7.01028063726555,0.991587882939481
7.02278063726555,0.986189695758445
7.03528063726555,0.980820896211536
7.04778063726555,0.975481324316982
7.06028063726555,0.970170820961205
7.07278063726555,0.96488922789292
7.08528063726555,0.959636387722506
7.09778063726555,0.954412143923596
7.11028063726555,0.949216340819267
7.12278063726555,0.944048823576266
7.13528063726555,0.93890943820439
7.14778063726555,0.933798031558047
7.16028063726555,0.928714451322742
7.17278063726555,0.923658546009426
7.18528063726555,0.918630164953893
7.19778063726555,0.913629158318305
7.21028063726555,0.908655377077969
7.22278063726555,0.903708673015813
7.23528063726555,0.898788898721788
7.24778063726555,0.893895907594367
7.26028063726555,0.889029553827606
7.27278063726555,0.884189692405734
7.28528063726555,0.879376179102577
7.29778063726555,0.874588870483019
7.31028063726555,0.86982762389034
7.32278063726555,0.865092297440932
7.33528063726555,0.860382750023725
7.34778063726555,0.855698841301623
7.36028063726555,0.851040431699113
7.37278063726555,0.846407382397096
7.38528063726555,0.841799555332325
7.39778063726555,0.83721681319881
7.41028063726555,0.832659019435697
7.42278063726555,0.828126038222204
7.43528063726555,0.82361773447708
7.44778063726555,0.819133973859972
7.46028063726555,0.81467462275957
7.47278063726555,0.810239548288652
7.48528063726555,0.805828618283554
7.49778063726555,0.801441701305507
7.51028063726555,0.797078666629037
7.52278063726555,0.792739384237124
7.53528063726555,0.78842372482067
7.54778063726555,0.784131559779823
7.56028063726555,0.779862761212616
7.57278063726555,0.775617201910231
7.58528063726555,0.77139475535649
7.59778063726555,0.767195295729134
7.61028063726555,0.76301869788872
7.62278063726555,0.758864837373983
7.63528063726555,0.754733590401336
7.64778063726555,0.750624833866123
7.66028063726555,0.746538445331758
7.67278063726555,0.742474303025184
7.68528063726555,0.738432285836384
7.69778063726555,0.734412273319611
7.71028063726555,0.730414145682756
7.72278063726555,0.726437783782907
7.73528063726555,0.722483069125874
7.74778063726555,0.718549883867386
7.76028063726555,0.714638110802697
7.77278063726555,0.710747633362231
7.78528063726555,0.706878335611125
7.79778063726555,0.7030301022504
7.81028063726555,0.699202818606782
7.82278063726555,0.695396370628456
7.83528063726555,0.691610644884606
7.84778063726555,0.687845528566566
7.86028063726555,0.684100909477865
7.87278063726555,0.680376676030063
7.88528063726555,0.676672717242308
7.89778063726555,0.672988922742462
7.91028063726555,0.669325182757355
7.92278063726555,0.665681388108721
7.93528063726555,0.662057430212755
7.94778063726555,0.65845320108122
7.96028063726555,0.654868593311909
7.97278063726555,0.65130350008467
7.98528063726555,0.647757815160975
7.99778063726555,0.644231432884995
8.01028063726555,0.640724248174279
8.02278063726555,0.637236156515857
8.03528063726555,0.63376705396582
8.04778063726555,0.630316837150374
8.06028063726555,0.626885403256717
8.07278063726555,0.62347265002923
8.08528063726555,0.620078475769061
8.09778063726555,0.616702779335163
8.11028063726555,0.613345460135361
8.12278063726555,0.610006418122631
8.13528063726555,0.606685553794689
8.14778063726555,0.603382768195008
8.16028063726555,0.600097962904079
8.17278063726555,0.596831040035769
8.18528063726555,0.593581902236919
8.19778063726555,0.59035045268834
8.21028063726555,0.587136595096261
8.22278063726555,0.583940233688768
8.23528063726555,0.580761273215409
8.24778063726555,0.577599618948168
8.26028063726555,0.574455176673102
8.27278063726555,0.571327852686847
8.28528063726555,0.568217553796244
8.29778063726555,0.565124187319284
8.31028063726555,0.562047661076927
8.32278063726555,0.558987883389686
8.33528063726555,0.555944763077258
8.34778063726555,0.552918209459448
8.36028063726555,0.549908132348171
8.37278063726555,0.546914442044101
8.38528063726555,0.543937049336316
8.39778063726555,0.540975865503201
8.41028063726555,0.538030802304619
8.42278063726555,0.53510177197864
8.43528063726555,0.532188687241186
8.44778063726555,0.529291461286917
8.46028063726556,0.526410007781575
8.47278063726555,0.523544240858777
8.48528063726555,0.520694075119672
8.49778063726555,0.517859425633809
8.51028063726556,0.51504020793164
8.52278063726556,0.51223633800139
8.53528063726555,0.509447732288716
8.54778063726556,0.506674307697559
8.56028063726556,0.503915981582809
8.57278063726556,0.50117267174724
8.58528063726556,0.498444296441179
8.59778063726556,0.495730774363337
8.61028063726556,0.493032024653637
8.62278063726556,0.490347966890208
8.63528063726556,0.48767852108907
8.64778063726556,0.485023607704942
8.66028063726556,0.48238314762422
8.67278063726556,0.479757062162048
8.68528063726556,0.477145273062
8.69778063726556,0.474547702496873
8.71028063726556,0.471964273061818
8.72278063726556,0.469394907771475
8.73528063726556,0.466839530059658
8.74778063726556,0.464298063780135
8.76028063726556,0.461770433199906
8.77278063726556,0.459256562996398
8.78528063726556,0.45675637825716
8.79778063726556,0.454269804480621
8.81028063726556,0.451796767569523
8.82278063726556,0.449337193828165
8.83528063726556,0.44689100996211
8.84778063726556,0.444458143078931
8.86028063726556,0.442038520681776
8.87278063726556,0.439632070666681
8.88528063726556,0.437238721322276
8.89778063726556,0.434858401330522
8.91028063726556,0.432491039760406
8.92278063726556,0.430136566065319
8.93528063726556,0.427794910082771
8.94778063726556,0.425466002035099
8.96028063726556,0.423149772523316
8.97278063726556,0.420846152524529
8.98528063726556,0.418555073391671
8.99778063726556,0.416276466854191
9.01028063726556,0.41401026501203
9.02278063726556,0.411756400333107
9.03528063726556,0.409514805653044
9.04778063726556,0.407285414175849
9.06028063726556,0.405068159468021
9.07278063726556,0.402862975456086
9.08528063726556,0.400669796426334
9.09778063726556,0.398488557025483
9.11028063726556,0.396319192254912
9.12278063726556,0.394161637468254
9.13528063726556,0.39201582837113
9.14778063726556,0.389881701021808
9.16028063726556,0.387759191825559
9.17278063726556,0.385648237532293
9.18528063726556,0.383548775236312
9.19778063726556,0.381460742376946
9.21028063726557,0.379384076733031
9.22278063726556,0.377318716420601
9.23528063726556,0.375264599892643
9.24778063726557,0.373221665939719
9.26028063726557,0.371189853684564
9.27278063726557,0.369169102579831
9.28528063726556,0.367159352407843
9.29778063726557,0.36516054328121
9.31028063726557,0.363172615637541
9.32278063726557,0.361195510237235
9.33528063726557,0.359229168163243
9.34778063726557,0.357273530821668
9.36028063726557,0.355328539936591
9.37278063726557,0.353394137547914
9.38528063726557,0.351470266011121
9.39778063726557,0.349556867997872
9.41028063726557,0.347653886490935
9.42278063726557,0.345761264782076
9.43528063726557,0.343878946471832
9.44778063726557,0.34200687547008
9.46028063726557,0.34014499599109
9.47278063726557,0.338293252551458
9.48528063726557,0.336451589969875
9.49778063726557,0.334619953367698
9.51028063726557,0.332798288164099
9.52278063726557,0.330986540074043
9.53528063726557,0.329184655108072
9.54778063726557,0.327392579572852
9.56028063726557,0.325610260066432
9.57278063726557,0.323837643476268
9.58528063726557,0.322074676979006
9.59778063726557,0.32032130804102
9.61028063726557,0.318577484413776
9.62278063726557,0.316843154131894
9.63528063726557,0.315118265512939
9.64778063726557,0.313402767157946
9.66028063726557,0.311696607946884
9.67278063726557,0.30999973703676
9.68528063726557,0.308312103861416
9.69778063726557,0.30663365813204
9.71028063726557,0.304964349832729
9.72278063726557,0.303304129218637
9.73528063726557,0.301652946815771
9.74778063726557,0.300010753421494
9.76028063726557,0.298377500100187
9.77278063726557,0.296753138181427
9.78528063726557,0.295137619259799
9.79778063726557,0.293530895195383
9.81028063726557,0.291932918109506
9.82278063726557,0.290343640382968
9.83528063726557,0.288763014655848
9.84778063726557,0.28719099382799
9.86028063726557,0.28562753105484
9.87278063726557,0.284072579745713
9.88528063726557,0.282526093563605
9.89778063726557,0.280988026425662
9.91028063726558,0.279458332499116
9.92278063726557,0.277936966199582
9.93528063726557,0.276423882190877
9.94778063726558,0.274919035385481
9.96028063726558,0.273422380940554
9.97278063726558,0.271933874256279
9.98528063726557,0.270453470975678
9.99778063726558,0.268981126985063
10.0102806372656,0.267516798410146
10.0227806372656,0.266060441614409
10.0352806372656,0.26461201319893
10.0477806372656,0.263171470002821
10.0602806372656,0.261738769099425
10.0727806372656,0.260313867794718
10.0852806372656,0.258896723627139
10.0977806372656,0.257487294368024
10.1102806372656,0.256085538017877
10.1227806372656,0.254691412804811
10.1352806372656,0.253304877184383
10.1477806372656,0.251925889840015
10.1602806372656,0.250554409679347
10.1727806372656,0.249190395832714
10.1852806372656,0.247833807652981
10.1977806372656,0.246484604715956
10.2102806372656,0.245142746816822
10.2227806372656,0.24380819396865
10.2352806372656,0.24248090640223
10.2477806372656,0.241160844566484
10.2602806372656,0.239847969124968
10.2727806372656,0.238542240954421
10.2852806372656,0.237243621144598
10.2977806372656,0.235952070998676
10.3102806372656,0.234667552029829
10.3227806372656,0.233390025959807
10.3352806372656,0.232119454718782
10.3477806372656,0.230855800445731
10.3602806372656,0.229599025485097
10.3727806372656,0.228349092385392
10.3852806372656,0.227105963899049
10.3977806372656,0.225869602982795
10.4102806372656,0.224639972794387
10.4227806372656,0.223417036691243
10.4352806372656,0.222200758230295
10.4477806372656,0.220991101168361
10.4602806372656,0.219788029458942
10.4727806372656,0.218591507250892
10.4852806372656,0.217401498888268
10.4977806372656,0.216217968910693
10.5102806372656,0.215040882050231
10.5227806372656,0.213870203230074
10.5352806372656,0.212705897564402
10.5477806372656,0.21154793035874
10.5602806372656,0.210396267106894
10.5727806372656,0.209250873489671
10.5852806372656,0.208111715374743
10.5977806372656,0.206978758816992
10.6102806372656,0.205851970055514
10.6227806372656,0.204731315512368
10.6352806372656,0.203616761792441
10.6477806372656,0.202508275683788
10.6602806372656,0.201405824154698
10.6727806372656,0.200309374352473
10.6852806372656,0.199218893603292
10.6977806372656,0.198134349412547
10.7102806372656,0.19705570946197
10.7227806372656,0.195982941608439
10.7352806372656,0.19491601388385
10.7477806372656,0.193854894495435
10.7602806372656,0.192799551822962
10.7727806372656,0.191749954417561
10.7852806372656,0.190706071001597
10.7977806372656,0.189667870468988
10.8102806372656,0.188635321882459
10.8227806372656,0.187608394472397
10.8352806372656,0.186587057636723
10.8477806372656,0.185571280941209
10.8602806372656,0.184561034116787
10.8727806372656,0.183556287058428
10.8852806372656,0.182557009825022
10.8977806372656,0.18156317263968
10.9102806372656,0.180574745887108
10.9227806372656,0.17959170011251
10.9352806372656,0.178614006021465
10.9477806372656,0.177641634480229
10.9602806372656,0.176674556513161
10.9727806372656,0.175712743301651
10.9852806372656,0.174756166184001
10.9977806372656,0.173804796655721
11.0102806372656,0.172858606367007
11.0227806372656,0.171917567121695
11.0352806372656,0.170981650877145
11.0477806372656,0.170050829744526
11.0602806372656,0.169125075986356
11.0727806372656,0.168204362015472
11.0852806372656,0.167288660394921
11.0977806372656,0.166377943838236
11.1102806372656,0.16547218520703
11.1227806372656,0.164571357509989
11.1352806372656,0.163675433902762
11.1477806372656,0.162784387688237
11.1602806372656,0.161898192314182
11.1727806372656,0.161016821372262
11.1852806372656,0.16014024859793
11.1977806372656,0.159268447870699
11.2102806372656,0.158401393211832
11.2227806372656,0.15753905878338
11.2352806372656,0.15668141888808
11.2477806372656,0.155828447969613
11.2602806372656,0.154980120610349
11.2727806372656,0.15413641153041
11.2852806372656,0.153297295587559
11.2977806372656,0.152462747777462
11.3102806372656,0.15163274323148
11.3227806372656,0.150807257215746
11.3352806372656,0.149986265131067
11.3477806372656,0.149169742513169
11.3602806372656,0.148357665030547
11.3727806372656,0.147550008483552
11.3852806372656,0.146746748804304
11.3977806372656,0.145947862056928
11.4102806372656,0.145153324435447
11.4227806372656,0.144363112262897
11.4352806372656,0.143577201991232
11.4477806372656,0.142795570201562
11.4602806372656,0.14201819360209
11.4727806372656,0.141245049027245
11.4852806372656,0.14047611343759
11.4977806372656,0.139711363920053
11.5102806372656,0.138950777685911
11.5227806372656,0.138194332069941
11.5352806372656,0.137442004530327
11.5477806372656,0.136693772648894
11.5602806372656,0.135949614129125
11.5727806372656,0.135209506795337
11.5852806372656,0.134473428592591
11.5977806372656,0.133741357586915
11.6102806372656,0.133013271963371
11.6227806372656,0.132289150025241
11.6352806372656,0.131568970193945
11.6477806372656,0.13085271100926
11.6602806372656,0.13014035112742
11.6727806372656,0.129431869320332
11.6852806372656,0.128727244475486
11.6977806372656,0.128026455596171
11.7102806372656,0.127329481799622
11.7227806372656,0.126636302316245
11.7352806372656,0.125946896489535
11.7477806372656,0.125261243776283
11.7602806372656,0.124579323744766
11.7727806372656,0.123901116073986
11.7852806372656,0.123226600553595
11.7977806372656,0.12255575708409
11.8102806372656,0.121888565675048
11.8227806372656,0.121225006444381
11.8352806372656,0.120565059618257
11.8477806372656,0.119908705531298
11.8602806372656,0.11925592462485
11.8727806372656,0.118606697446252
11.8852806372656,0.117961004648762
11.8977806372656,0.117318826991752
11.9102806372656,0.116680145339008
11.9227806372656,0.116044940658024
11.9352806372656,0.115413194019922
11.9477806372656,0.114784886599648
11.9602806372656,0.114159999674307
11.9727806372656,0.113538514622471
11.9852806372656,0.112920412924102
11.9977806372656,0.112305676160744
12.0102806372656,0.111694286013893
12.0227806372656,0.111086224264321
12.0352806372656,0.110481472792
12.0477806372656,0.109880013576288
12.0602806372656,0.109281828694339
12.0727806372656,0.108686900320437
12.0852806372656,0.108095210725925
12.0977806372656,0.107506742279385
12.1102806372656,0.10692147744508
12.1227806372656,0.106339398782309
12.1352806372656,0.105760488945331
12.1477806372656,0.105184730683544
12.1602806372656,0.104612106839964
12.1727806372656,0.104042600350584
12.1852806372656,0.10347619424431
12.1977806372656,0.102912871643134
12.2102806372656,0.102352615760638
12.2227806372656,0.101795409901378
12.2352806372656,0.101241237460816
12.2477806372656,0.100690081925484
12.2602806372656,0.100141926871534
12.2727806372656,0.0995967559641205
12.2852806372656,0.0990545529573425
12.2977806372656,0.0985153016944038
12.3102806372656,0.097978986106189
12.3227806372656,0.097445590210667
12.3352806372656,0.0969150981128268
12.3477806372656,0.0963874940048393
12.3602806372656,0.0958627621646617
12.3727806372656,0.0953408869554549
12.3852806372656,0.0948218528255205
12.3977806372656,0.0943056443084585
12.4102806372656,0.0937922460218029
12.4227806372656,0.0932816426664508
12.4352806372656,0.0927738190266009
12.4477806372656,0.0922687599699084
12.4602806372656,0.0917664504461491
12.4727806372656,0.0912668754866619
12.4852806372656,0.0907700202042877
12.4977806372656,0.0902758697935216
12.5102806372656,0.0897844095292055
12.5227806372656,0.0892956247659824
12.5352806372656,0.0888095009382377
12.5477806372656,0.0883260235602466
12.5602806372656,0.0878451782248962
12.5727806372656,0.0873669506031511
12.5852806372656,0.0868913264439956
12.5977806372656,0.0864182915745785
12.6102806372656,0.0859478318989628
12.6227806372656,0.0854799333976021
12.6352806372656,0.085014582127285
12.6477806372656,0.0845517642212764
12.6602806372656,0.0840914658880936
12.6727806372656,0.0836336734109952
12.6852806372656,0.0831783731479257
12.6977806372656,0.0827255515316542
12.7102806372656,0.0822751950685768
12.7227806372656,0.0818272903382166
12.7352806372656,0.0813818239931696
12.7477806372656,0.08093878275924
12.7602806372656,0.0804981534342691
12.7727806372656,0.0800599228876455
12.7852806372656,0.0796240780602523
12.7977806372656,0.0791906059646001
12.8102806372656,0.0787594936836802
12.8227806372656,0.078330728370486
12.8352806372656,0.0779042972479614
12.8477806372656,0.0774801876091303
12.8602806372656,0.0770583868159755
12.8727806372656,0.0766388822989698
12.8852806372656,0.0762216615570253
12.8977806372656,0.0758067121576211
12.9102806372656,0.0753940217357051
12.9227806372656,0.0749835779932363
12.9352806372656,0.0745753686991348
12.9477806372656,0.0741693816894066
12.9602806372656,0.0737656048660693
12.9727806372656,0.0733640261967042
12.9852806372656,0.0729646337144076
12.9977806372656,0.0725674155179125
13.0102806372656,0.0721723597705379
13.0227806372656,0.0717794546997503
13.0352806372656,0.0713886885971163
13.0477806372656,0.0710000498184212
13.0602806372656,0.0706135267826418
13.0727806372656,0.0702291079715166
13.0852806372656,0.0698467819294996
13.0977806372656,0.0694665372638768
13.1102806372656,0.0690883626437605
13.1227806372656,0.0687122467996694
13.1352806372656,0.068338178523483
13.1477806372656,0.0679661466685557
13.1602806372656,0.0675961401487329
13.1727806372656,0.06722814793794
13.1852806372656,0.0668621590701379
13.1977806372656,0.0664981626394347
13.2102806372656,0.0661361477991229
13.2227806372656,0.0657761037612773
13.2352806372656,0.0654180197967116
13.2477806372656,0.0650618852350877
13.2602806372656,0.0647076894639733
13.2727806372656,0.0643554219284489
13.2852806372656,0.0640050721310655
13.2977806372656,0.0636566296319507
13.3102806372656,0.0633100840478878
13.3227806372656,0.0629654250519302
13.3352806372656,0.0626226423733607
13.3477806372656,0.0622817257977952
13.3602806372656,0.0619426651662814
13.3727806372656,0.0616054503749221
13.3852806372656,0.0612700713748347
13.3977806372656,0.060936518172253
13.4102806372656,0.0606047808276455
13.4227806372656,0.0602748494553465
13.4352806372656,0.0599467142235167
13.4477806372656,0.0596203653542429
13.4602806372656,0.0592957931226749
13.4727806372656,0.0589729878566653
13.4852806372656,0.0586519399367302
13.4977806372656,0.058332639796147
13.5102806372656,0.0580150779201104
13.5227806372656,0.057699244845379
13.5352806372656,0.057385131160238
13.5477806372656,0.0570727275045939
13.5602806372656,0.0567620245691495
13.5727806372656,0.0564530130950576
13.5852806372656,0.0561456838738845
13.5977806372656,0.0558400277477033
13.6102806372656,0.0555360356082859
13.6227806372656,0.0552336983967646
13.6352806372656,0.0549330071035965
13.6477806372656,0.0546339527686546
13.6602806372656,0.0543365264804368
13.6727806372656,0.054040719375736
13.6852806372656,0.0537465226396041
13.6977806372656,0.0534539275054415
13.7102806372656,0.0531629252542238
13.7227806372656,0.0528735072141777
13.7352806372656,0.0525856647607473
13.7477806372656,0.0522993893166805
13.7602806372656,0.0520146723512729
13.7727806372656,0.0517315053800508
13.7852806372656,0.0514498799647379
13.7977806372656,0.0511697877133401
13.8102806372656,0.0508912202794055
13.8227806372656,0.0506141693617146
13.8352806372656,0.0503386267042471
13.8477806372656,0.0500645840962657
13.8602806372656,0.0497920333715914
13.8727806372656,0.0495209664083007
13.8852806372656,0.0492513751286931
13.8977806372656,0.0489832514993729
13.9102806372656,0.0487165875305404
13.9227806372656,0.0484513752756956
13.9352806372656,0.0481876068316062
13.9477806372656,0.0479252743383878
13.9602806372656,0.0476643699788104
13.9727806372656,0.0474048859780086
13.9852806372656,0.0471468146034499
13.9977806372656,0.0468901481650138
14.0102806372656,0.0466348790143127
14.0227806372656,0.0463809995444083
14.0352806372656,0.0461285021897816
14.0477806372656,0.0458773794264088
14.0602806372656,0.0456276237710979
14.0727806372656,0.0453792277812114
14.0852806372656,0.0451321840546356
14.0977806372656,0.0448864852298565
14.1102806372656,0.0446421239853097
14.1227806372656,0.0443990930391092
14.1352806372656,0.044157385149018
14.1477806372656,0.0439169931125214
14.1602806372656,0.0436779097661918
14.1727806372656,0.0434401279854228
14.1852806372656,0.0432036406844006
14.1977806372656,0.0429684408161761
14.2102806372656,0.0427345213720426
14.2227806372656,0.0425018753812763
14.2352806372656,0.0422704959111083
14.2477806372656,0.0420403760667946
14.2602806372656,0.041811508991008
14.2727806372656,0.0415838878635836
14.2852806372656,0.0413575059014916
14.2977806372656,0.041132356358906
14.3102806372656,0.0409084325266092
14.3227806372656,0.0406857277317434
14.3352806372656,0.0404642353377838
14.3477806372656,0.0402439487446058
14.3602806372656,0.0400248613879025
14.3727806372656,0.0398069667389417
14.3852806372656,0.0395902583045391
14.3977806372656,0.0393747296271245
14.4102806372656,0.039160374284172
14.4227806372656,0.0389471858879618
14.4352806372656,0.0387351580855542
14.4477806372656,0.0385242845588546
14.4602806372656,0.0383145590240557
14.4727806372656,0.0381059752314043
14.4795854779492,0.0379929026125476
14.4863903186328,0.0378801655163255
14.4931951593164,0.0377677629471374
14.5,0.0376556939123298
