0,0
1.5,0
1.5,0
1.50182577799762,0.173118204790971
1.50365155599524,0.335128173420129
1.50547733399286,0.486739651110914
1.50730311199048,0.628620538942308
1.5091288899881,0.76139598613023
1.51095466798572,0.885646001614981
1.51278044598334,1.00191530677532
1.51460622398096,1.1107165080854
1.5165869023104,1.22086053013174
1.51856758063984,1.32334648175365
1.52054825896929,1.4187034771022
1.52252893729873,1.50742723191593
1.52474495454583,1.59939847052617
1.52696097179293,1.68423593257056
1.52917698904004,1.76248832614531
1.53139300628714,1.83466642714382
1.53362874070877,1.9018102063601
1.53586447513041,1.96369120942544
1.53810020955204,2.02071766281868
1.54033594397367,2.07326937426378
1.54257118836202,2.12168643255444
1.54480643275038,2.16629900660294
1.54704167713873,2.20740214538695
1.54927692152708,2.24527036154686
1.5515121780905,2.28015700991612
1.55374743465392,2.31229200386151
1.55598269121733,2.34188874521293
1.55821794778075,2.36914578229738
1.56045320404167,2.39424622528944
1.56268846030259,2.41735652124487
1.56492371656351,2.43863101582688
1.56715897282443,2.45821331170933
1.56939422909287,2.47623584813677
1.5716294853613,2.49281900732292
1.57386474162974,2.50807442183461
1.57609999789817,2.52210595422753
1.57833525416642,2.5350093929143
1.58057051043467,2.5468718059913
1.58280576670292,2.55777393320466
1.58504102297117,2.56779089453582
1.58727627923942,2.5769919702348
1.58951153550767,2.58544013346433
1.59174679177593,2.59319378032391
1.59398204804418,2.60030724234294
1.59621730431243,2.60683062738672
1.59845256058069,2.6128094816352
1.60068781684894,2.61828604084599
1.6029230731172,2.62329960102185
1.60515832938545,2.62788640334391
1.6073935856537,2.6320793896932
1.60962884192196,2.63590910764343
1.61186409819021,2.63940397855122
1.61409935445846,2.6425902143325
1.61633461072672,2.64549164064016
1.61856986699498,2.64813035141224
1.62080512326323,2.65052690277176
1.62304037953149,2.65270025283417
1.62527563579974,2.65466763381818
1.62751089206799,2.65644502545652
1.62974614833625,2.6580472952366
1.6319814046045,2.65948815486543
1.63421666087276,2.66078006777207
1.63645191714101,2.66193459150831
1.63868717340927,2.66296247917962
1.64106986786622,2.66392987739767
1.64345256232317,2.66477553352606
1.64583525678012,2.66550948716347
1.64821795123707,2.66614104362979
1.65075599110391,2.66671073349332
1.65329403097075,2.66718319715959
1.65583207083759,2.66756694857257
1.65837011070443,2.66786984884796
1.66108498026355,2.66811247208735
1.66379984982268,2.66827860827931
1.6665147193818,2.6683753967186
1.66922958894093,2.6684094022524
1.67214604177912,2.66838277293916
1.67506249461732,2.66829705896186
1.67797894745551,2.66815816154075
1.68089540029371,2.66797148358062
1.68404367378954,2.66772193621113
1.68719194728537,2.66742769711783
1.6903402207812,2.66709356400231
1.69348849427703,2.66672390973852
1.69690583734563,2.66628699774349
1.70032318041424,2.6658171063638
1.70374052348284,2.66531806088711
1.70715786655144,2.664793332262
1.71089082378328,2.66419440254992
1.71462378101511,2.6635718463247
1.71835673824695,2.66292864365682
1.72208969547879,2.66226748734112
1.7261973512695,2.66152202920528
1.73030500706022,2.66076025109798
1.73441266285094,2.65998441050568
1.73852031864166,2.65919654077738
1.74307904431478,2.6583101985612
1.74763776998789,2.6574131007085
1.75219649566101,2.65650689940486
1.75675522133412,2.65559308132464
1.76186581557913,2.65456114471751
1.76697640982414,2.65352256884817
1.77208700406915,2.65247851158019
1.77719759831416,2.65143001869503
1.7829963787115,2.65023606907807
1.78879515910885,2.64903843257233
1.79459393950619,2.64783787624101
1.80039271990353,2.64663510250629
1.80706940419896,2.64524823481614
1.81374608849439,2.64385974320374
1.82042277278981,2.64247009861818
1.82709945708524,2.64107974792696
1.8349272594879,2.6394492678552
1.84275506189056,2.63781860707217
1.85058286429322,2.63618802464963
1.85841066669588,2.6345577882899
1.86779950963744,2.63260319207575
1.87718835257901,2.63064951687945
1.88657719552057,2.62869688185893
1.89596603846213,2.62674543872901
1.90756165107035,2.62433713623712
1.91915726367858,2.62193084008974
1.9307528762868,2.619526587241
1.94234848889502,2.617124461763
1.95484848889502,2.61453743256779
1.96734848889502,2.61195291439194
1.97984848889502,2.60937091206235
1.99234848889502,2.60679144653724
1.99426136667126,2.60639693586272
1.99617424444751,2.60600248462972
1.99808712222375,2.60560809284688
2,2.60521376052177
2,2.60521376052177
2.0025,2.8389045409676
2.005,3.05226182324342
2.0075,3.24703906346314
2.01,3.42485675534499
2.01222870665162,3.57028417833778
2.01445741330324,3.7043549989987
2.01668611995487,3.82794749646702
2.01891482660649,3.94187895991181
2.02115024562096,4.04720691021922
2.02338566463543,4.14426566545178
2.02562108364991,4.23369657240425
2.02785650266438,4.31609633536877
2.03009175488912,4.39200983247449
2.03232700711386,4.46194356728134
2.0345622593386,4.52636129210435
2.03679751156335,4.58569448054855
2.03903276793206,4.64034116127694
2.04126802430078,4.6906629266219
2.0435032806695,4.73699519363598
2.04573853703821,4.77965003318995
2.04797379330397,4.81891525443011
2.05020904956973,4.85505246872382
2.05244430583549,4.88830427090653
2.05467956210124,4.91889637037787
2.05691481836956,4.94703693020897
2.05915007463787,4.97291516280355
2.06138533090619,4.99670652812064
2.0636205871745,5.01857427350144
2.06585584344275,5.03866895564691
2.068091099711,5.05712742498316
2.07032635597925,5.07407658526935
2.0725616122475,5.08963450732504
2.07479686851576,5.1039100832946
2.07703212478401,5.11700229207448
2.07926738105227,5.12900291850144
2.08150263732052,5.13999735887027
2.08373789358877,5.15006437087588
2.08597314985703,5.15927554232379
2.08820840612528,5.16769725781939
2.09044366239353,5.17539128136947
2.09267891866179,5.18241457552448
2.09491417493004,5.18881891711626
2.09714943119829,5.19465231969239
2.09938468746655,5.19995945489063
2.1016199437348,5.20478152163104
2.10385520000305,5.2091559681932
2.10609045627131,5.21311752101093
2.10832571253956,5.21669848943694
2.11056096880781,5.21992867113435
2.11279622507606,5.22283515106528
2.11503148134432,5.22544304558038
2.11726673761257,5.22777572284405
2.11950199388082,5.22985473440749
2.12173725014908,5.23169966982455
2.12397250641733,5.23332869482445
2.12620776268559,5.23475871073728
2.12844301895384,5.23600530500326
2.1306782752221,5.23708264602176
2.13291353149035,5.2380038723919
2.1351487877586,5.23878120821917
2.13747115892492,5.23944851870226
2.13979353009125,5.23998414451537
2.14211590125757,5.24039869022929
2.14443827242389,5.24070199993616
2.14691371120503,5.24091300194651
2.14938914998616,5.24101778714214
2.1518645887673,5.24102544718751
2.15434002754843,5.24094438937306
2.15698336903185,5.24076855736904
2.15962671051527,5.24050869609291
2.16227005199868,5.24017246324959
2.1649133934821,5.23976691186095
2.16774813034701,5.23926225591676
2.17058286721192,5.23869224789432
2.17341760407682,5.23806325466748
2.17625234094173,5.23738111546041
2.17930639599641,5.23659277273129
2.1823604510511,5.23575462338278
2.18541450610578,5.23487187876481
2.18846856116046,5.23394929713519
2.19177622727807,5.23291010279161
2.19508389339568,5.23183384457977
2.19839155951328,5.2307247108369
2.20169922563089,5.22958650851072
2.20530310632096,5.22831724336124
2.20890698701104,5.22702118045122
2.21251086770111,5.22570161388887
2.21611474839118,5.22436152484438
2.2200685812519,5.22287080599726
2.22402241411262,5.22136139780228
2.22797624697334,5.21983582462771
2.23193007983405,5.2182963626343
2.23630281707613,5.21658000146394
2.2406755543182,5.21485121328972
2.24504829156027,5.21311187220021
2.24942102880235,5.21136366453444
2.2543029070685,5.20940319733425
2.25918478533464,5.20743502358617
2.26406666360079,5.20546048064307
2.26894854186694,5.20348077364815
2.27446038826989,5.20124066382925
2.27997223467285,5.19899632362299
2.2854840810758,5.1967486601983
2.29099592747875,5.1944984983868
2.29730393724878,5.19192111779789
2.3036119470188,5.18934203280789
2.30991995678883,5.18676181866494
2.31622796655886,5.18418101162948
2.32356814381649,5.18117773771257
2.33090832107413,5.17817463431163
2.33824849833177,5.17517203318769
2.3455886755894,5.172170262997
2.35430919753372,5.16860543379973
2.36302971947803,5.16504232450811
2.37175024142234,5.16148110021028
2.38047076336666,5.15792195033675
2.3911093215212,5.15358299801075
2.40174787967574,5.1492473962189
2.41238643783028,5.1449152065394
2.42302499598482,5.1405865331127
2.43552499598482,5.13550505674074
2.44802499598482,5.13042851378818
2.46052499598482,5.12535691353907
2.47302499598482,5.12029029653067
2.48552499598482,5.11522868825587
2.49802499598482,5.11017206713219
2.51052499598482,5.10512043082832
2.52302499598482,5.10007378275233
2.53552499598482,5.09503212355543
2.54802499598482,5.08999544525382
2.56052499598482,5.08496374340057
2.57302499598482,5.07993701460595
2.58552499598482,5.07491525497827
2.59802499598482,5.0698984590452
2.61052499598482,5.06488662198739
2.62302499598482,5.05987973918349
2.63552499598482,5.05487780592397
2.64802499598482,5.0498808172132
2.66052499598482,5.04488876817931
2.67302499598482,5.0399016539907
2.68552499598482,5.03491946980355
2.69802499598482,5.02994221072545
2.71052499598482,5.02496987189065
2.72302499598482,5.0200024484447
2.73552499598482,5.01503993553483
2.74802499598482,5.01008232830329
2.76052499598482,5.00512962190111
2.77302499598482,5.00018181148533
2.78552499598482,4.99523889221719
2.79802499598482,4.99030085926093
2.81052499598482,4.98536770778628
2.82302499598482,4.98043943296799
2.83552499598482,4.97551602998546
2.84802499598482,4.97059749402254
2.86052499598482,4.96568382026796
2.87302499598482,4.96077500391525
2.88552499598482,4.95587104016268
2.89802499598482,4.95097192421319
2.91052499598482,4.94607765127451
2.92302499598482,4.9411882165591
2.93552499598482,4.93630361528414
2.94802499598482,4.93142384267156
2.96052499598482,4.92654889394798
2.97302499598482,4.92167876434476
2.98552499598482,4.91681344909797
2.99802499598482,4.91195294344839
3.01052499598482,4.90709724264151
3.02302499598482,4.9022463419275
3.03552499598482,4.89740023656124
3.04802499598482,4.8925589218023
3.06052499598482,4.88772239291494
3.07302499598482,4.8828906451681
3.08552499598482,4.87806367383538
3.09802499598482,4.87324147419507
3.11052499598482,4.86842404153014
3.12302499598482,4.86361137112818
3.13552499598482,4.85880345828148
3.14802499598482,4.85400029828697
3.16052499598482,4.84920188644623
3.17302499598482,4.84440821806548
3.18552499598482,4.83961928845557
3.19802499598482,4.83483509293201
3.21052499598482,4.83005562681493
3.22302499598482,4.82528088542908
3.23552499598482,4.82051086410383
3.24802499598482,4.81574555817319
3.26052499598482,4.81098496297576
3.27302499598482,4.80622907385476
3.28552499598482,4.80147788615799
3.29802499598482,4.79673139523788
3.31052499598482,4.79198959645145
3.32302499598482,4.78725248516028
3.33552499598482,4.78252005673057
3.34802499598482,4.77779230653309
3.36052499598482,4.77306922994317
3.37302499598482,4.76835082234074
3.38552499598482,4.76363707911027
3.39802499598482,4.75892799564081
3.41052499598482,4.75422356732596
3.42302499598482,4.74952378956389
3.43552499598482,4.74482865775728
3.44802499598482,4.74013816731341
3.46052499598482,4.73545231364405
3.47302499598482,4.73077109216553
3.48552499598482,4.72609449829871
3.49802499598482,4.72142252746898
3.51052499598482,4.71675517510624
3.52302499598482,4.71209243664491
3.53552499598482,4.70743430752393
3.54802499598482,4.70278078318675
3.56052499598482,4.69813185908133
3.57302499598482,4.6934875306601
3.58552499598482,4.68884779338001
3.59802499598482,4.68421264270251
3.61052499598482,4.67958207409351
3.62302499598482,4.67495608302343
3.63552499598482,4.67033466496713
3.64802499598482,4.665717815404
3.66052499598482,4.66110552981784
3.67302499598482,4.65649780369695
3.68552499598482,4.65189463253407
3.69802499598482,4.64729601182642
3.71052499598482,4.64270193707565
3.72302499598482,4.63811240378786
3.73552499598482,4.63352740747361
3.74802499598482,4.62894694364787
3.76052499598482,4.62437100783006
3.77302499598482,4.61979959554403
3.78552499598482,4.61523270231806
3.79802499598482,4.61067032368483
3.81052499598482,4.60611245518145
3.82302499598482,4.60155909234945
3.83552499598482,4.59701023073475
3.84802499598482,4.59246586588768
3.86052499598482,4.58792599336298
3.87302499598482,4.58339060871977
3.88552499598482,4.57885970752155
3.89802499598482,4.57433328533624
3.91052499598482,4.56981133773611
3.92302499598482,4.56529386029782
3.93552499598482,4.5607808486024
3.94802499598482,4.55627229823526
3.96052499598481,4.55176820478614
3.97302499598482,4.54726856384919
3.98552499598482,4.54277337102287
3.99802499598482,4.53828262191001
4.01052499598481,4.5337963121178
4.02302499598481,4.52931443725774
4.03552499598482,4.5248369929457
4.04802499598481,4.52036397480187
4.06052499598481,4.51589537845078
4.07302499598481,4.51143119952125
4.08552499598481,4.50697143364647
4.09802499598482,4.50251607646391
4.11052499598481,4.49806512361538
4.12302499598481,4.49361857074697
4.13552499598481,4.4891764135091
4.14802499598481,4.48473864755647
4.16052499598481,4.48030526854809
4.17302499598481,4.47587627214726
4.18552499598481,4.47145165402156
4.19802499598481,4.46703140984284
4.21052499598481,4.46261553528727
4.22302499598481,4.45820402603525
4.23552499598481,4.45379687777146
4.24802499598481,4.44939408618488
4.26052499598481,4.44499564696871
4.27302499598481,4.44060155582043
4.28552499598481,4.43621180844176
4.29802499598481,4.43182640053867
4.31052499598481,4.4274453278214
4.32302499598481,4.42306858600439
4.33552499598481,4.41869617080635
4.34802499598481,4.41432807795021
4.36052499598481,4.40996430316313
4.37302499598481,4.40560484217648
4.38552499598481,4.40124969072587
4.39802499598481,4.39689884455112
4.41052499598481,4.39255229939625
4.42302499598481,4.3882100510095
4.43552499598481,4.38387209514331
4.44802499598481,4.37953842755432
4.46052499598481,4.37520904400336
4.47302499598481,4.37088394025545
4.48552499598481,4.3665631120798
4.49802499598481,4.36224655524981
4.51052499598481,4.35793426554304
4.52302499598481,4.35362623874124
4.53552499598481,4.34932247063032
4.54802499598481,4.34502295700036
4.56052499598481,4.34072769364562
4.57302499598481,4.33643667636447
4.58552499598481,4.33214990095948
4.59802499598481,4.32786736323735
4.61052499598481,4.32358905900893
4.62302499598481,4.3193149840892
4.63552499598481,4.31504513429729
4.64802499598481,4.31077950545646
4.66052499598481,4.3065180933941
4.67302499598481,4.30226089394172
4.68552499598481,4.29800790293495
4.69802499598481,4.29375911621355
4.71052499598481,4.28951452962137
4.72302499598481,4.28527413900639
4.73552499598481,4.28103794022068
4.74802499598481,4.27680592912041
4.76052499598481,4.27257810156587
4.77302499598481,4.26835445342141
4.78552499598481,4.26413498055549
4.79802499598481,4.25991967884065
4.81052499598481,4.25570854415349
4.82302499598481,4.25150157237473
4.83552499598481,4.24729875938911
4.84802499598481,4.24310010108548
4.86052499598481,4.23890559335673
4.87302499598481,4.23471523209982
4.88552499598481,4.23052901321577
4.89802499598481,4.22634693260963
4.91052499598481,4.22216898619054
4.92302499598481,4.21799516987163
4.93552499598481,4.21382547957012
4.94802499598481,4.20965991120723
4.96052499598481,4.20549846070823
4.97302499598481,4.20134112400242
4.98552499598481,4.19718789702311
4.99802499598481,4.19303877570764
5.01052499598481,4.18889375599737
5.02302499598481,4.18475283383767
5.03552499598481,4.1806160051779
5.04802499598481,4.17648326597145
5.06052499598481,4.17235461217569
5.07302499598481,4.16823003975201
5.08552499598481,4.16410954466577
5.09802499598481,4.15999312288633
5.11052499598481,4.15588077038703
5.12302499598481,4.15177248314519
5.13552499598481,4.14766825714211
5.14802499598481,4.14356808836305
5.16052499598481,4.13947197279727
5.17302499598481,4.13537990643796
5.18552499598481,4.13129188528229
5.19802499598481,4.12720790533138
5.21052499598481,4.12312796259031
5.22302499598481,4.1190520530681
5.23552499598481,4.11498017277772
5.24802499598481,4.11091231773608
5.26052499598481,4.10684848396404
5.27302499598481,4.10278866748637
5.28552499598481,4.09873286433179
5.29802499598481,4.09468107053293
5.31052499598481,4.09063328212636
5.32302499598481,4.08658949515254
5.33552499598481,4.08254970565588
5.34802499598481,4.07851390968468
5.36052499598481,4.07448210329114
5.37302499598481,4.07045428253138
5.38552499598481,4.0664304434654
5.39802499598481,4.06241058215712
5.41052499598481,4.05839469467432
5.42302499598481,4.05438277708869
5.43552499598481,4.0503748254758
5.44802499598481,4.04637083591509
5.46052499598481,4.04237080448989
5.47302499598481,4.03837472728738
5.48552499598481,4.03438260039863
5.49802499598481,4.03039441991857
5.51052499598481,4.02641018194598
5.52302499598481,4.0224298825835
5.53552499598481,4.01845351793763
5.54802499598481,4.01448108411871
5.56052499598481,4.01051257724093
5.57302499598481,4.00654799342233
5.58552499598481,4.00258732878477
5.59802499598481,3.99863057945394
5.61052499598481,3.9946777415594
5.62302499598481,3.99072881123448
5.63552499598481,3.98678378461638
5.64802499598481,3.98284265784608
5.66052499598481,3.97890542706841
5.67302499598481,3.97497208843199
5.68552499598481,3.97104263808925
5.69802499598481,3.96711707219643
5.71052499598481,3.96319538691356
5.72302499598481,3.95927757840447
5.73552499598481,3.95536364283679
5.74802499598481,3.95145357638192
5.76052499598481,3.94754737521507
5.77302499598481,3.94364503551521
5.78552499598481,3.9397465534651
5.79802499598481,3.93585192525126
5.81052499598481,3.931961147064
5.82302499598481,3.92807421509738
5.83552499598481,3.92419112554921
5.84802499598481,3.9203118746211
5.86052499598481,3.91643645851838
5.87302499598481,3.91256487345014
5.88552499598481,3.90869711562922
5.89802499598481,3.90483318127221
5.91052499598481,3.90097306659942
5.92302499598481,3.89711676783491
5.93552499598481,3.89326428120648
5.94802499598481,3.88941560294565
5.96052499598481,3.88557072928766
5.97302499598481,3.88172965647149
5.98552499598481,3.8778923807398
5.99802499598481,3.87405889833902
6.01052499598481,3.87022920551925
6.02302499598481,3.8664032985343
6.03552499598481,3.8625811736417
6.04802499598481,3.85876282710266
6.06052499598481,3.85494825518211
6.07302499598481,3.85113745414865
6.08552499598481,3.84733042027458
6.09802499598481,3.84352714983588
6.11052499598481,3.83972763911222
6.12302499598481,3.83593188438694
6.13552499598481,3.83213988194705
6.14802499598481,3.82835162808324
6.16052499598481,3.82456711908986
6.17302499598481,3.82078635126493
6.18552499598481,3.81700932091013
6.19802499598481,3.81323602433078
6.21052499598481,3.80946645783587
6.22302499598481,3.80570061773803
6.23552499598481,3.80193850035354
6.24802499598481,3.79818010200233
6.26052499598481,3.79442541900794
6.27302499598481,3.79067444769758
6.28552499598481,3.78692718440205
6.29802499598481,3.78318362545582
6.31052499598481,3.77944376719695
6.32302499598481,3.77570760596714
6.33552499598481,3.7719751381117
6.34802499598481,3.76824635997954
6.36052499598481,3.76452126792322
6.37302499598481,3.76079985829885
6.38552499598481,3.75708212746618
6.39802499598481,3.75336807178854
6.41052499598481,3.74965768763288
6.42302499598481,3.74595097136972
6.43552499598481,3.74224791937316
6.44802499598481,3.7385485280209
6.46052499598481,3.73485279369423
6.47302499598481,3.731160712778
6.48552499598481,3.72747228166063
6.49802499598481,3.72378749673412
6.51052499598481,3.72010635439405
6.52302499598481,3.71642885103954
6.53552499598481,3.71275498307328
6.54802499598481,3.7090847469015
6.56052499598481,3.70541813893402
6.57302499598481,3.70175515558418
6.58552499598481,3.69809579326886
6.59802499598481,3.6944400484085
6.61052499598481,3.69078791742708
6.62302499598481,3.6871393967521
6.63552499598481,3.6834944828146
6.64802499598481,3.67985317204915
6.66052499598481,3.67621546089384
6.67302499598481,3.67258134579028
6.68552499598481,3.66895082318361
6.69802499598481,3.66532388952246
6.71052499598481,3.661700541259
6.72302499598481,3.65808077484888
6.73552499598481,3.65446458675128
6.7480249959848,3.65085197342885
6.76052499598481,3.64724293134777
6.77302499598481,3.64363745697769
6.78552499598481,3.64003554679175
6.79802499598481,3.63643719726659
6.8105249959848,3.63284240488233
6.82302499598481,3.62925116612256
6.83552499598481,3.62566347747435
6.8480249959848,3.62207933542825
6.8605249959848,3.61849873647827
6.8730249959848,3.6149216771219
6.88552499598481,3.61134815386007
6.89802499598481,3.60777816319718
6.9105249959848,3.6042117016411
6.9230249959848,3.60064876570312
6.9355249959848,3.59708935189801
6.9480249959848,3.59353345674398
6.9605249959848,3.58998107676266
6.9730249959848,3.58643220847914
6.9855249959848,3.58288684842194
6.9980249959848,3.579344993123
7.0105249959848,3.57580663911772
7.0230249959848,3.57227178294488
7.0355249959848,3.56874042114672
7.0480249959848,3.56521255026887
7.0605249959848,3.56168816686041
7.0730249959848,3.55816726747378
7.0855249959848,3.55464984866488
7.0980249959848,3.55113590699299
7.1105249959848,3.54762543902079
7.1230249959848,3.54411844131435
7.1355249959848,3.54061491044316
7.1480249959848,3.53711484298009
7.1605249959848,3.53361823550138
7.1730249959848,3.53012508458669
7.1855249959848,3.52663538681902
7.1980249959848,3.52314913878478
7.2105249959848,3.51966633707374
7.2230249959848,3.51618697827905
7.2355249959848,3.51271105899721
7.2480249959848,3.50923857582811
7.2605249959848,3.50576952537499
7.2730249959848,3.50230390424443
7.2855249959848,3.49884170904639
7.2980249959848,3.49538293639417
7.3105249959848,3.49192758290442
7.3230249959848,3.48847564519714
7.3355249959848,3.48502711989565
7.3480249959848,3.48158200362664
7.3605249959848,3.4781402930201
7.3730249959848,3.47470198470939
7.3855249959848,3.47126707533117
7.3980249959848,3.46783556152542
7.4105249959848,3.46440743993548
7.4230249959848,3.46098270720795
7.4355249959848,3.4575613599928
7.4480249959848,3.45414339494329
7.4605249959848,3.45072880871597
7.4730249959848,3.44731759797072
7.4855249959848,3.44390975937072
7.4980249959848,3.44050528958244
7.5105249959848,3.43710418527565
7.5230249959848,3.43370644312341
7.5355249959848,3.43031205980206
7.5480249959848,3.42692103199124
7.5605249959848,3.42353335637387
7.5730249959848,3.42014902963615
7.5855249959848,3.41676804846754
7.5980249959848,3.4133904095608
7.6105249959848,3.41001610961193
7.6230249959848,3.40664514532022
7.6355249959848,3.4032775133882
7.6480249959848,3.39991321052169
7.6605249959848,3.39655223342974
7.6730249959848,3.39319457882466
7.6855249959848,3.38984024342202
7.6980249959848,3.38648922394062
7.7105249959848,3.38314151710252
7.7230249959848,3.37979711963301
7.7355249959848,3.37645602826063
7.7480249959848,3.37311823971713
7.7605249959848,3.36978375073751
7.7730249959848,3.36645255806
7.7855249959848,3.36312465842604
7.7980249959848,3.35980004858031
7.8105249959848,3.35647872527068
7.8230249959848,3.35316068524826
7.8355249959848,3.34984592526737
7.8480249959848,3.34653444208552
7.8605249959848,3.34322623246344
7.8730249959848,3.33992129316506
7.8855249959848,3.33661962095752
7.8980249959848,3.33332121261112
7.9105249959848,3.3300260648994
7.9230249959848,3.32673417459906
7.9355249959848,3.32344553848998
7.9480249959848,3.32016015335525
7.9605249959848,3.31687801598113
7.9730249959848,3.31359912315704
7.9855249959848,3.31032347167559
7.9980249959848,3.30705105833256
8.0105249959848,3.30378187992689
8.0230249959848,3.3005159332607
8.0355249959848,3.29725321513926
8.0480249959848,3.29399372237098
8.0605249959848,3.29073745176747
8.0730249959848,3.28748440014345
8.0855249959848,3.28423456431681
8.0980249959848,3.28098794110857
8.1105249959848,3.27774452734292
8.1230249959848,3.27450431984715
8.1355249959848,3.27126731545173
8.1480249959848,3.26803351099024
8.1605249959848,3.26480290329938
8.1730249959848,3.26157548921899
8.1855249959848,3.25835126559204
8.1980249959848,3.25513022926462
8.2105249959848,3.25191237708591
8.2230249959848,3.24869770590825
8.2355249959848,3.24548621258705
8.2480249959848,3.24227789398086
8.2605249959848,3.23907274695132
8.2730249959848,3.23587076836317
8.2855249959848,3.23267195508425
8.2980249959848,3.2294763039855
8.3105249959848,3.22628381194097
8.3230249959848,3.22309447582777
8.3355249959848,3.21990829252611
8.3480249959848,3.21672525891929
8.3605249959848,3.21354537189368
8.3730249959848,3.21036862833874
8.3855249959848,3.20719502514699
8.3980249959848,3.20402455921404
8.4105249959848,3.20085722743856
8.4230249959848,3.19769302672228
8.4355249959848,3.19453195397
8.4480249959848,3.19137400608957
8.4605249959848,3.18821917999191
8.4730249959848,3.185067472591
8.4855249959848,3.18191888080384
8.4980249959848,3.1787734015505
8.5105249959848,3.17563103175411
8.5230249959848,3.1724917683408
8.5355249959848,3.16935560823977
8.5480249959848,3.16622254838325
8.5605249959848,3.16309258570649
8.5730249959848,3.1599657171478
8.5855249959848,3.15684193964847
8.5980249959848,3.15372125015285
8.6105249959848,3.15060364560832
8.6230249959848,3.14748912296523
8.6355249959848,3.14437767917698
8.6480249959848,3.14126931119998
8.6605249959848,3.13816401599364
8.6730249959848,3.13506179052039
8.6855249959848,3.13196263174563
8.6980249959848,3.1288665366378
8.7105249959848,3.12577350216831
8.7230249959848,3.12268352531158
8.7355249959848,3.119596603045
8.7480249959848,3.11651273234897
8.7605249959848,3.11343191020687
8.7730249959848,3.11035413360505
8.7855249959848,3.10727939953285
8.7980249959848,3.10420770498259
8.8105249959848,3.10113904694955
8.8230249959848,3.09807342243199
8.8355249959848,3.09501082843113
8.8480249959848,3.09195126195117
8.8605249959848,3.08889471999925
8.8730249959848,3.08584119958548
8.8855249959848,3.08279069772293
8.8980249959848,3.07974321142761
8.9105249959848,3.0766987377185
8.9230249959848,3.0736572736175
8.9355249959848,3.07061881614947
8.9480249959848,3.06758336234223
8.9605249959848,3.06455090922649
8.9730249959848,3.06152145383593
8.9855249959848,3.05849499320717
8.9980249959848,3.05547152437973
9.0105249959848,3.05245104439607
9.0230249959848,3.04943355030158
9.0355249959848,3.04641903914457
9.0480249959848,3.04340750797625
9.0605249959848,3.04039895385078
9.0730249959848,3.03739337382519
9.0855249959848,3.03439076495944
9.0980249959848,3.03139112431641
9.1105249959848,3.02839444896186
9.1230249959848,3.02540073596447
9.1355249959848,3.02240998239579
9.1480249959848,3.0194221853303
9.1605249959848,3.01643734184535
9.1730249959848,3.01345544902118
9.1855249959848,3.01047650394092
9.1980249959848,3.0075005036906
9.2105249959848,3.00452744535909
9.2230249959848,3.00155732603818
9.2355249959848,2.99859014282251
9.2480249959848,2.9956258928096
9.2605249959848,2.99266457309984
9.2730249959848,2.98970618079648
9.2855249959848,2.98675071300565
9.2980249959848,2.98379816683632
9.3105249959848,2.98084853940033
9.3230249959848,2.97790182781237
9.3355249959848,2.97495802918998
9.3480249959848,2.97201714065357
9.3605249959848,2.96907915932637
9.3730249959848,2.96614408233446
9.3855249959848,2.96321190680677
9.3980249959848,2.96028262987506
9.4105249959848,2.95735624867394
9.4230249959848,2.95443276034084
9.4355249959848,2.95151216201601
9.4480249959848,2.94859445084254
9.46052499598479,2.94567962396635
9.4730249959848,2.94276767853618
9.4855249959848,2.93985861170356
9.4980249959848,2.93695242062288
9.5105249959848,2.93404910245131
9.5230249959848,2.93114865434884
9.5355249959848,2.92825107347828
9.5480249959848,2.92535635700523
9.5605249959848,2.92246450209809
9.5730249959848,2.91957550592807
9.5855249959848,2.91668936566917
9.5980249959848,2.91380607849819
9.6105249959848,2.91092564159471
9.6230249959848,2.9080480521411
9.6355249959848,2.90517330732253
9.6480249959848,2.90230140432693
9.6605249959848,2.89943234034504
9.6730249959848,2.89656611257034
9.6855249959848,2.89370271819911
9.6980249959848,2.8908421544304
9.7105249959848,2.88798441846601
9.7230249959848,2.88512950751054
9.7355249959848,2.88227741877132
9.7480249959848,2.87942814945845
9.7605249959848,2.87658169678481
9.7730249959848,2.873738057966
9.7855249959848,2.87089723022039
9.7980249959848,2.86805921076912
9.8105249959848,2.86522399683603
9.8230249959848,2.86239158564775
9.8355249959848,2.85956197443362
9.8480249959848,2.85673516042573
9.8605249959848,2.85391114085892
9.8730249959848,2.85108991297075
9.8855249959848,2.8482714740015
9.8980249959848,2.8454558211942
9.9105249959848,2.8426429517946
9.9230249959848,2.83983286305115
9.9355249959848,2.83702555221505
9.9480249959848,2.83422101654021
9.9605249959848,2.83141925328324
9.9730249959848,2.82862025970348
9.9855249959848,2.82582403306297
9.9980249959848,2.82303057062645
10.0105249959848,2.82023986966138
10.0230249959848,2.81745192743791
10.0355249959848,2.8146667412289
10.0480249959848,2.81188430830988
10.0605249959848,2.80910462595911
10.0730249959848,2.80632769145751
10.0855249959848,2.8035535020887
10.0980249959848,2.80078205513899
10.1105249959848,2.79801334789736
10.1230249959848,2.79524737765549
10.1355249959848,2.79248414170771
10.1480249959848,2.78972363735105
10.1605249959848,2.78696586188519
10.1730249959848,2.7842108126125
10.1855249959848,2.78145848683801
10.1980249959848,2.77870888186941
10.2105249959848,2.77596199501704
10.2230249959848,2.77321782359393
10.2355249959848,2.77047636491573
10.2480249959848,2.76773761630078
10.2605249959848,2.76500157507004
10.2730249959848,2.76226823854714
10.2855249959848,2.75953760405833
10.2980249959848,2.75680966893254
10.3105249959848,2.75408443050132
10.3230249959848,2.75136188609884
10.3355249959848,2.74864203306193
10.3480249959848,2.74592486873006
10.3605249959848,2.7432103904453
10.3730249959848,2.74049859555237
10.3855249959848,2.73778948139861
10.3980249959848,2.73508304533398
10.4105249959848,2.73237928471106
10.4230249959848,2.72967819688505
10.4355249959848,2.72697977921376
10.4480249959848,2.72428402905761
10.4605249959848,2.72159094377964
10.4730249959848,2.71890052074549
10.4855249959848,2.7162127573234
10.4980249959848,2.71352765088421
10.5105249959848,2.71084519880139
10.5230249959848,2.70816539845095
10.5355249959848,2.70548824721155
10.5480249959848,2.7028137424644
10.5605249959848,2.70014188159333
10.5730249959848,2.69747266198473
10.5855249959848,2.69480608102759
10.5980249959848,2.69214213611348
10.6105249959848,2.68948082463655
10.6230249959848,2.6868221439935
10.6355249959848,2.68416609158364
10.6480249959848,2.68151266480884
10.6605249959848,2.67886186107352
10.6730249959848,2.67621367778469
10.6855249959848,2.67356811235192
10.6980249959848,2.67092516218731
10.7105249959848,2.66828482470556
10.7230249959848,2.66564709732391
10.7355249959848,2.66301197746214
10.7480249959848,2.6603794625426
10.7605249959848,2.65774954999018
10.7730249959848,2.6551222372323
10.7855249959848,2.65249752169896
10.7980249959848,2.64987540082267
10.8105249959848,2.64725587203848
10.8230249959848,2.644638932784
10.8355249959848,2.64202458049934
10.8480249959848,2.63941281262716
10.8605249959848,2.63680362661265
10.8730249959848,2.63419701990352
10.8855249959848,2.63159298994999
10.8980249959848,2.62899153420483
10.9105249959848,2.6263926501233
10.9230249959848,2.6237963351632
10.9355249959848,2.62120258678481
10.9480249959848,2.61861140245096
10.9605249959848,2.61602277962697
10.9730249959848,2.61343671578065
10.9855249959848,2.61085320838234
10.9980249959848,2.60827225490486
11.0105249959848,2.60569385282354
11.0230249959848,2.60311799961621
11.0355249959848,2.60054469276317
11.0480249959848,2.59797392974724
11.0605249959848,2.59540570805372
11.0730249959848,2.59284002517037
11.0855249959848,2.59027687858748
11.0980249959848,2.58771626579777
11.1105249959848,2.58515818429649
11.1230249959848,2.58260263158131
11.1355249959848,2.58004960515243
11.1480249959848,2.57749910251249
11.1605249959848,2.57495112116659
11.1730249959848,2.57240565862233
11.1855249959848,2.56986271238974
11.1980249959848,2.56732227998132
11.2105249959848,2.56478435891205
11.2230249959848,2.56224894669934
11.2355249959848,2.55971604086308
11.2480249959848,2.55718563892557
11.2605249959848,2.55465773841161
11.2730249959848,2.55213233684842
11.2855249959848,2.54960943176566
11.2980249959848,2.54708902069543
11.3105249959848,2.54457110117231
11.3230249959848,2.54205567073325
11.3355249959848,2.5395427269177
11.3480249959848,2.5370322672675
11.3605249959848,2.53452428932693
11.3730249959848,2.53201879064271
11.3855249959848,2.52951576876397
11.3980249959848,2.52701522124228
11.4105249959848,2.5245171456316
11.4230249959848,2.52202153948835
11.4355249959848,2.51952840037133
11.4480249959848,2.51703772584177
11.4605249959848,2.5145495134633
11.4730249959848,2.51206376080197
11.4855249959848,2.50958046542624
11.4980249959848,2.50709962490696
11.5105249959848,2.50462123681738
11.5230249959848,2.50214529873317
11.5355249959848,2.49967180823236
11.5480249959848,2.49720076289542
11.5605249959848,2.49473216030518
11.5730249959848,2.49226599804686
11.5855249959848,2.48980227370808
11.5980249959848,2.48734098487885
11.6105249959848,2.48488212915154
11.6230249959848,2.48242570412092
11.6355249959848,2.47997170738411
11.6480249959848,2.47752013654065
11.6605249959848,2.47507098919242
11.6730249959848,2.47262426294368
11.6855249959848,2.47017995540105
11.6980249959848,2.46773806417353
11.7105249959848,2.46529858687248
11.7230249959848,2.46286152111161
11.7355249959848,2.46042686450699
11.7480249959848,2.45799461467707
11.7605249959848,2.45556476924264
11.7730249959848,2.45313732582682
11.7855249959848,2.45071228205511
11.7980249959848,2.44828963555535
11.8105249959848,2.44586938395773
11.8230249959848,2.44345152489475
11.8355249959848,2.44103605600129
11.8480249959848,2.43862297491456
11.8605249959848,2.43621227927409
11.8730249959848,2.43380396672174
11.8855249959848,2.43139803490174
11.8980249959848,2.4289944814606
11.9105249959848,2.42659330404719
11.9230249959848,2.42419450031268
11.9355249959848,2.42179806791059
11.9480249959848,2.41940400449674
11.9605249959848,2.41701230772927
11.9730249959848,2.41462297526863
11.9855249959848,2.4122360047776
11.9980249959848,2.40985139392126
12.0105249959848,2.40746914036699
12.0230249959848,2.40508924178448
12.0355249959848,2.40271169584574
12.0480249959848,2.40033650022507
12.0605249959848,2.39796365259906
12.0730249959848,2.3955931506466
12.0855249959848,2.3932249920489
12.0980249959848,2.39085917448941
12.1105249959848,2.38849569565393
12.1230249959848,2.38613455323051
12.1355249959848,2.38377574490949
12.1480249959848,2.3814192683835
12.1605249959848,2.37906512134745
12.1730249959848,2.37671330149853
12.1855249959848,2.3743638065362
12.1980249959848,2.37201663416221
12.2105249959848,2.36967178208055
12.2230249959848,2.36732924799751
12.2355249959848,2.36498902962164
12.2480249959848,2.36265112466375
12.2605249959848,2.36031553083691
12.2730249959848,2.35798224585647
12.2855249959848,2.35565126744001
12.2980249959848,2.35332259330739
12.3105249959848,2.35099622118072
12.3230249959848,2.34867214878434
12.3355249959848,2.34635037384487
12.3480249959848,2.34403089409115
12.3605249959848,2.3417137072543
12.3730249959848,2.33939881106765
12.3855249959848,2.33708620326677
12.3980249959848,2.33477588158951
12.4105249959848,2.3324678437759
12.4230249959848,2.33016208756825
12.4355249959848,2.32785861071107
12.4480249959848,2.32555741095112
12.4605249959848,2.32325848603738
12.4730249959848,2.32096183372105
12.4855249959848,2.31866745175556
12.4980249959848,2.31637533789657
12.5105249959848,2.31408548990194
12.5230249959848,2.31179790553176
12.5355249959848,2.30951258254831
12.5480249959848,2.30722951871612
12.5605249959848,2.30494871180191
12.5730249959848,2.3026701595746
12.5855249959848,2.30039385980533
12.5980249959848,2.29811981026744
12.6105249959848,2.29584800873645
12.6230249959848,2.29357845299012
12.6355249959848,2.29131114080838
12.6480249959848,2.28904606997334
12.6605249959848,2.28678323826935
12.6730249959848,2.2845226434829
12.6855249959848,2.2822642834027
12.6980249959848,2.28000815581963
12.7105249959848,2.27775425852677
12.7230249959848,2.27550258931935
12.7355249959848,2.27325314599483
12.7480249959848,2.27100592635279
12.7605249959848,2.26876092819503
12.7730249959848,2.26651814932551
12.7855249959848,2.26427758755034
12.7980249959848,2.26203924067783
12.8105249959848,2.25980310651844
12.8230249959848,2.25756918288479
12.8355249959848,2.25533746759168
12.8480249959848,2.25310795845605
12.8605249959848,2.25088065329702
12.8730249959848,2.24865554993584
12.8855249959848,2.24643264619593
12.8980249959848,2.24421193990287
12.9105249959848,2.24199342888437
12.9230249959848,2.23977711097029
12.9355249959848,2.23756298399265
12.9480249959848,2.2353510457856
12.9605249959848,2.23314129418544
12.9730249959848,2.2309337270306
12.9855249959848,2.22872834216166
12.9980249959848,2.22652513742131
13.0105249959848,2.2243241106544
13.0230249959848,2.2221252597079
13.0355249959848,2.2199285824309
13.0480249959848,2.21773407667462
13.0605249959848,2.21554174029242
13.0730249959848,2.21335157113977
13.0855249959848,2.21116356707425
13.0980249959848,2.20897772595557
13.1105249959848,2.20679404564556
13.1230249959848,2.20461252400815
13.1355249959848,2.20243315890939
13.1480249959848,2.20025594821744
13.1605249959848,2.19808088980256
13.1730249959848,2.19590798153713
13.1855249959848,2.19373722129562
13.1980249959848,2.19156860695461
13.2105249959848,2.18940213639277
13.2230249959848,2.18723780749087
13.2355249959848,2.18507561813177
13.2480249959848,2.18291556620045
13.2605249959848,2.18075764958394
13.2730249959848,2.17860186617139
13.2855249959849,2.17644821385403
13.2980249959848,2.17429669052515
13.3105249959848,2.17214729408017
13.3230249959849,2.17000002241654
13.3355249959849,2.16785487343382
13.3480249959849,2.16571184503364
13.3605249959848,2.16357093511971
13.3730249959849,2.16143214159779
13.3855249959849,2.15929546237573
13.3980249959849,2.15716089536345
13.4105249959849,2.15502843847292
13.4230249959849,2.15289808961819
13.4355249959849,2.15076984671537
13.4480249959849,2.14864370768261
13.4605249959849,2.14651967044015
13.4730249959849,2.14439773291026
13.4855249959849,2.14227789301727
13.4980249959849,2.14016014868758
13.5105249959849,2.13804449784962
13.5230249959849,2.13593093843386
13.5355249959849,2.13381946837285
13.5480249959849,2.13171008560114
13.5605249959849,2.12960278805537
13.5730249959849,2.12749757367417
13.5855249959849,2.12539444039824
13.5980249959849,2.12329338617032
13.6105249959849,2.12119440893516
13.6230249959849,2.11909750663955
13.6355249959849,2.11700267723232
13.6480249959849,2.11490991866432
13.6605249959849,2.11281922888843
13.6730249959849,2.11073060585953
13.6855249959849,2.10864404753457
13.6980249959849,2.10655955187247
13.7105249959849,2.1044771168342
13.7230249959849,2.10239674038272
13.7355249959849,2.10031842048304
13.7480249959849,2.09824215510215
13.7605249959849,2.09616794220905
13.7730249959849,2.09409577977478
13.7855249959849,2.09202566577234
13.7980249959849,2.08995759817676
13.8105249959849,2.08789157496509
13.8230249959849,2.08582759411634
13.8355249959849,2.08376565361153
13.8480249959849,2.0817057514337
13.8605249959849,2.07964788556786
13.8730249959849,2.07759205400102
13.8855249959849,2.07553825472217
13.8980249959849,2.0734864857223
13.9105249959849,2.07143674499439
13.9230249959849,2.06938903053338
13.9355249959849,2.06734334033622
13.9480249959849,2.06529967240182
13.9605249959849,2.06325802473109
13.9730249959849,2.06121839532689
13.9855249959849,2.05918078219407
13.9980249959849,2.05714518333945
14.0105249959849,2.05511159677182
14.0230249959849,2.05308002050194
14.0355249959849,2.05105045254253
14.0480249959849,2.04902289090828
14.0605249959849,2.04699733361584
14.0730249959849,2.04497377868383
14.0855249959849,2.04295222413281
14.0980249959849,2.04093266798531
14.1105249959849,2.03891510826582
14.1230249959849,2.03689954300077
14.1355249959849,2.03488597021854
14.1480249959849,2.03287438794948
14.1605249959849,2.03086479422586
14.1730249959849,2.02885718708192
14.1855249959849,2.02685156455381
14.1980249959849,2.02484792467966
14.2105249959849,2.02284626549952
14.2230249959849,2.02084658505537
14.2355249959849,2.01884888139114
14.2480249959849,2.01685315255268
14.2605249959849,2.0148593965878
14.2730249959849,2.01286761154621
14.2855249959849,2.01087779547955
14.2980249959849,2.0088899464414
14.3105249959849,2.00690406248726
14.3230249959849,2.00492014167455
14.3355249959849,2.00293818206261
14.3480249959849,2.0009581817127
14.3605249959849,1.99898013868799
14.3730249959849,1.99700405105357
14.3855249959849,1.99502991687645
14.3980249959849,1.99305773422554
14.4105249959849,1.99108750117167
14.4230249959849,1.98911921578756
14.4355249959849,1.98715287614785
14.4480249959849,1.98518848032908
14.4605249959849,1.98322602640968
14.4730249959849,1.98126551247001
14.4797687469887,1.98020862000306
14.4865124979924,1.97915229132813
14.4932562489962,1.97809652614448
14.5,1.9770413241515
